0 0.0311111109375 0.25052083281250004 0.0311111109375 0.26607638906250003 0.045555556250000004 0.2738541671875 0.047777778124999996 0.2605208328125 0.0688888890625 0.25496527812499997 0.08 0.299409721875 0.082222221875 0.41496527812500006 0.11555555625 0.419409721875 0.0933333328125 0.4660763890625 0.09111111093749999 0.5260763890625 0.10444444374999999 0.5682986109375 0.077777778125 0.6305208328125 0.0933333328125 0.6505208328125 0.1066666671875 0.70163194375 0.1 0.7216319437500001 0.1211111109375 0.7138541671875 0.1433333328125 0.7605208328125 0.3011111109375 0.6605208328125001 0.382222221875 0.6282986109375 0.382222221875 0.6038541671875 0.31555555625 0.44607638906249997 0.31555555625 0.42385416718749996 0.3311111109375 0.4060763890625 0.342222221875 0.2705208328125 0.36444444374999996 0.234965278125 0.407777778125 0.20052083281250002 0.44333333281250004 0.18496527812500002 0.5166666671875 0.1782986109375 0.5633333328125001 0.19163194374999998 0.6033333328125 0.2160763890625 0.6311111109375 0.2460763890625 0.6488888890625 0.2838541671875 0.657777778125 0.39496527812500004 0.6599999999999999 0.4082986109375 0.6733333328125 0.41496527812500006 0.6733333328125 0.454965278125 0.657777778125 0.5038541671875 0.6311111109375 0.5460763890625 0.6111111109375 0.6060763890625 0.61555555625 0.614965278125 0.8411111109375 0.7360763890625 0.8911111109375 0.78163194375 0.912222221875 0.83163194375 1 0.83274305625 0.9988888890625001 0.1671875 0.06444444375 0.17274305625 0.06 0.2260763890625 0.0311111109375 0.25052083281250004
0 0.5333333328125 0.2860763890625 0.54444444375 0.2705208328125 0.532222221875 0.264965278125 0.5033333328125 0.2738541671875 0.5011111109375 0.264965278125 0.4766666671875 0.26274305625 0.467777778125 0.2805208328125 0.447777778125 0.2805208328125 0.4233333328125 0.29163194375 0.41 0.309409721875 0.39555555625 0.3105208328125 0.4011111109375 0.34274305625 0.45999999999999996 0.3460763890625 0.45555555625000005 0.3771875 0.4688888890625 0.42385416718749996 0.47555555624999996 0.42385416718749996 0.4733333328125 0.3460763890625 0.5466666671875 0.34163194375 0.5466666671875 0.3038541671875 0.5333333328125 0.2860763890625
0 0.61 0.37385416718750003 0.5233333328125 0.38496527812500003 0.48444444375 0.40385416718749995 0.5111111109375 0.42385416718749996 0.51444444375 0.44940972187500006 0.56555555625 0.44940972187500006 0.5722222218749999 0.4671875 0.6188888890625 0.4805208328125 0.6311111109375 0.52163194375 0.6533333328125 0.4971875 0.6555555562500001 0.43496527812499997 0.642222221875 0.4282986109375 0.61 0.37385416718750003
0 0.382222221875 0.3571875 0.3866666671875 0.379409721875 0.3711111109375 0.3905208328125 0.36666666718749996 0.4838541671875 0.3933333328125 0.4705208328125 0.40888888906250004 0.43274305625 0.39444444375 0.35163194375 0.382222221875 0.3571875
0 0.45555555625000005 0.6505208328125 0.4511111109375 0.6238541671875 0.4566666671875 0.6382986109375001 0.467777778125 0.62274305625 0.51 0.629409721875 0.542222221875 0.614965278125 0.47444444375000006 0.6071875 0.447777778125 0.5760763890625 0.41 0.57163194375 0.37333333281250003 0.5438541671875 0.35444444375 0.504965278125 0.36444444374999996 0.5571875000000001 0.3866666671875 0.60163194375 0.3933333328125 0.6682986109375 0.4166666671875 0.7005208328125 0.44666666718750003 0.714965278125 0.45555555625000005 0.7082986109375 0.44666666718750003 0.679409721875 0.44666666718750003 0.6527430562500001 0.45555555625000005 0.6505208328125
0 0.3554111109375 0.6871875000000001 0.3076333328125 0.73274305625 0.2854111109375 0.7860763890625 0.3009666671875 0.8338541671874999 0.41652222187500004 0.8338541671874999 0.372077778125 0.7038541671874999 0.3554111109375 0.6871875000000001
0 0.7755555562499999 0.7460763890625 0.7811111109375 0.7338541671875001 0.757777778125 0.7371875 0.7588888890625001 0.744965278125 0.7755555562499999 0.7460763890625
0 0.6888888890625 0.799409721875 0.69555555625 0.7838541671875 0.68555555625 0.7760763890625 0.67555555625 0.79274305625 0.6888888890625 0.799409721875
0 0.7 0.7571875 0.7111111109375 0.75274305625 0.70555555625 0.7427430562499999 0.6933333328125 0.7482986109375 0.7 0.7571875
0 0.67444444375 0.8160763890625 0.6711111109375001 0.8282986109375001 0.6799999999999999 0.8338541671874999 0.67444444375 0.8160763890625
0 0.7322222218750001 0.804965278125 0.7288888890624999 0.819409721875 0.7488888890625 0.8338541671874999 0.7322222218750001 0.804965278125
0 0.8233333328124999 0.7782986109375 0.8067622218749999 0.7797475 0.82 0.7882986109375001 0.8233333328124999 0.7782986109375
0 0.593237778125 0.8010030562500001 0.5990333328124999 0.8305208328125 0.61014444375 0.8338541671874999 0.6190333328125 0.8260763890625 0.61014444375 0.8282986109375001 0.60014444375 0.8005208328125001 0.593237778125 0.8010030562500001
0 0.722222221875 0.719409721875 0.7011111109375 0.6960763890624999 0.7288888890624999 0.7438541671875 0.722222221875 0.719409721875
0 0.6688888890625 0.66163194375 0.6633333328125001 0.6538541671875 0.662222221875 0.674965278125 0.6688888890625 0.66163194375
0 0.6588888890625 0.6805208328125001 0.6288888890625 0.734965278125 0.63555555625 0.7438541671875 0.6588888890625 0.6805208328125001
0 0.25888888906249996 0.8071875000000001 0.2488888890625 0.814965278125 0.24666666718750002 0.8338541671874999 0.26888888906249997 0.8338541671874999 0.26888888906249997 0.8105208328125 0.25888888906249996 0.8071875000000001
0 0.2133333328125 0.7838541671875 0.2033333328125 0.78274305625 0.21777777812500002 0.8060763890624999 0.2133333328125 0.7838541671875
0 0.0988888890625 0.7738541671875 0.08444444375 0.7838541671875 0.0933333328125 0.8082986109375 0.0988888890625 0.7738541671875
0 0.008888889062499999 0.8082986109375 0.017777778124999997 0.7838541671875 0.012222221875 0.77163194375 0.0022222218750000003 0.779409721875 0.008888889062499999 0.8082986109375