0 0.56076923125 0.6728605765625 0.5338461531250001 0.6490144234375 0.52 0.6213221156250001 0.52923076875 0.601322115625 0.5469230765625 0.5943990390625 0.5700000000000001 0.5974759609375 0.6130769234375 0.6236298078125 0.64076923125 0.631322115625 0.6653846156250001 0.6282451921875001 0.6884615390625 0.6159375 0.69076923125 0.6074759609375 0.673846153125 0.5505528843749999 0.6984615390625 0.5136298078125 0.7015384609375 0.48901442343749996 0.7130769234375001 0.4743990390625 0.765384615625 0.4559375 0.79076923125 0.43055288437500006 0.79076923125 0.39978365312499997 0.7730769234375 0.3759375 0.7176923078125 0.35132211562500004 0.6930769234375 0.3236298078125 0.646153846875 0.3028605765625 0.6599999999999999 0.281322115625 0.654615384375 0.269783653125 0.6238461531249999 0.25593750000000004 0.6069230765625 0.23747596093749998 0.27923076875 0.23747596093749998 0.2569230765625 0.250552884375 0.253846153125 0.2659375 0.2723076921875 0.3043990390625 0.293846153125 0.33516826875 0.3 0.3336298078125 0.29923076875 0.340552884375 0.28923076875 0.3428605765625 0.305384615625 0.34516826875 0.3069230765625 0.35132211562500004 0.285384615625 0.35286057656250003 0.28230769218749996 0.342091346875 0.2715384609375 0.3436298078125 0.245384615625 0.329783653125 0.1930769234375 0.331322115625 0.1684615390625 0.3143990390625 0.156153846875 0.3143990390625 0.1415384609375 0.3243990390625 0.1415384609375 0.3490144234375 0.11538461562499999 0.370552884375 0.11384615312499999 0.3828605765625 0.13384615312499998 0.40132211562500003 0.13076923125 0.42747596093749995 0.1523076921875 0.4474759609375 0.1784615390625 0.5182451921875 0.16923076875 0.581322115625 0.1876923078125 0.63670673125 0.1784615390625 0.6828605765625 0.1869230765625 0.702091346875 0.23461538437499999 0.72670673125 0.2684615390625 0.691322115625 0.3423076921875 0.68516826875 0.36615384687499997 0.699783653125 0.374615384375 0.731322115625 0.40538461562499994 0.7297836531249999 0.46076923125 0.7390144234375 0.5023076921875 0.7636298078125 0.704615384375 0.7628605765625001 0.7123076921875 0.7490144234375 0.71 0.72516826875 0.6715384609374999 0.7036298078125001 0.56076923125 0.6728605765625
0 0.18076923125 0.740552884375 0.18923076875 0.7413221156249999 0.1984615390625 0.7382451921875 0.19923076875 0.7282451921875001 0.18 0.7336298078125 0.18076923125 0.740552884375
0 0.02 0.5674759609375 0.025384615625000002 0.5790144234375 0.0476923078125 0.5828605765625 0.064615384375 0.5751682687499999 0.063846153125 0.5605528843750001 0.036153846875 0.5574759609375 0.02 0.5674759609375
0 0.12076923125000001 0.6036298078125 0.09076923125 0.6197836531250001 0.09923076875 0.6328605765625 0.126153846875 0.63670673125 0.15076923125 0.6243990390625 0.1584615390625 0.6136298078125 0.154615384375 0.6036298078125 0.12076923125000001 0.6036298078125
0 0.27923076875 0.7174759609375 0.264615384375 0.730552884375 0.264615384375 0.7459374999999999 0.2523076921875 0.7628605765625001 0.29230769218749997 0.7643990390625001 0.3 0.75516826875 0.30615384687499997 0.7274759609375 0.296153846875 0.7174759609375 0.27923076875 0.7174759609375
0 0.28230769218749996 0.39901442343750004 0.27076923124999996 0.41670673125 0.2723076921875 0.43055288437500006 0.283846153125 0.43901442343749997 0.30923076875 0.4382451921875 0.32769230781249997 0.4259375 0.32769230781249997 0.40286057656249996 0.3115384609375 0.39439903906249996 0.28230769218749996 0.39901442343750004
0 0.16923076875 0.661322115625 0.1515384609375 0.6574759609374999 0.1376923078125 0.66516826875 0.1176923078125 0.6636298078125 0.0976923078125 0.671322115625 0.0830769234375 0.6874759609375001 0.084615384375 0.7059375 0.0915384609375 0.7174759609375 0.106153846875 0.7167067312500001 0.126153846875 0.7043990390625 0.134615384375 0.68516826875 0.163846153125 0.6743990390625 0.16923076875 0.661322115625
0 0.695384615625 0.69516826875 0.7 0.6874759609375001 0.6884615390625 0.68516826875 0.6876923078125 0.6936298078124999 0.695384615625 0.69516826875
0 0.7230769234375 0.69516826875 0.7276923078124999 0.6890144234375 0.7176923078125 0.6836298078125 0.7123076921875 0.6920913468750001 0.7230769234375 0.69516826875
0 0.7169230765625 0.6336298078125 0.7246153843750001 0.6290144234375 0.7192307687499999 0.620552884375 0.7076923078124999 0.6290144234375 0.7169230765625 0.6336298078125
0 0.6015384609375001 0.652091346875 0.6076923078124999 0.6459374999999999 0.596153846875 0.6390144234374999 0.59076923125 0.6490144234375 0.6015384609375001 0.652091346875
0 0.5576923078125 0.660552884375 0.5646153843749999 0.659783653125 0.56923076875 0.652091346875 0.56076923125 0.64670673125 0.5538461531250001 0.6536298078125 0.5576923078125 0.660552884375
0 0.56923076875 0.63516826875 0.5769230765625 0.6243990390625 0.5623076921875 0.620552884375 0.5569230765625 0.6290144234375 0.56923076875 0.63516826875
0 0.7230769234375 0.65670673125 0.7369230765625 0.659783653125 0.7430769234375 0.6490144234375 0.736153846875 0.6436298078125 0.723846153125 0.64516826875 0.7230769234375 0.65670673125
0 0.6130769234375 0.6528605765625 0.6292307687500001 0.65516826875 0.633846153125 0.6474759609375 0.625384615625 0.6390144234374999 0.60923076875 0.6428605765625 0.6130769234375 0.6528605765625
0 0.43153846093750003 0.749783653125 0.40307692343749996 0.76516826875 0.424615384375 0.76516826875 0.45307692343749995 0.76516826875 0.45384615312500004 0.7582451921875 0.43153846093750003 0.749783653125
0 0.706153846875 0.7074759609375 0.7146153843749999 0.7236298078125001 0.73076923125 0.7243990390625 0.7369230765625 0.719783653125 0.734615384375 0.7067067312499999 0.7176923078125 0.702091346875 0.706153846875 0.7074759609375
0 0.7523076921875 0.701322115625 0.75076923125 0.7136298078125 0.766153846875 0.719783653125 0.7815384609375 0.7120913468750001 0.786153846875 0.7043990390625 0.7823076921875 0.6959375 0.7523076921875 0.701322115625
0 0.673846153125 0.6536298078125 0.6823076921875 0.6636298078125 0.71076923125 0.6690144234375001 0.71 0.6390144234374999 0.6884615390625 0.6328605765625 0.673846153125 0.6428605765625 0.673846153125 0.6536298078125
0 0.264615384375 0.730552884375 0.266153846875 0.7428605765625 0.25538461562500003 0.7628605765625001 0.29230769218749997 0.7643990390625001 0.30615384687499997 0.7274759609375 0.294615384375 0.7174759609375 0.28230769218749996 0.7174759609375 0.264615384375 0.730552884375
0 0.8723076921875 0.4090144234375 0.8769230765625 0.39978365312499997 0.863846153125 0.39439903906249996 0.86 0.40439903906249997 0.8723076921875 0.4090144234375
0 0.8876923078125 0.5274759609374999 0.89076923125 0.5182451921875 0.87923076875 0.5128605765625001 0.8738461531249999 0.5228605765625 0.8876923078125 0.5274759609374999
0 0.8815384609375 0.7443990390625 0.89076923125 0.7474759609375 0.8984615390625 0.7413221156249999 0.896153846875 0.7343990390624999 0.8815384609375 0.7382451921875 0.8815384609375 0.7443990390625
0 0.9438461531250001 0.46209134687500003 0.953846153125 0.4628605765625 0.9569230765625001 0.45670673125 0.9515384609374999 0.449783653125 0.9400000000000001 0.45209134687499997 0.9438461531250001 0.46209134687500003
0 0.8653846156249999 0.50516826875 0.8800000000000001 0.510552884375 0.8892307687500001 0.5043990390624999 0.8823076921874999 0.4959375 0.864615384375 0.499783653125 0.8653846156249999 0.50516826875
0 0.7730769234375 0.4882451921875 0.795384615625 0.4874759609375 0.7969230765625 0.479783653125 0.7884615390625 0.4743990390625 0.77076923125 0.48286057656250003 0.7730769234375 0.4882451921875
0 0.83076923125 0.45055288437499996 0.83076923125 0.45824519218750004 0.846153846875 0.4659375 0.8584615390625 0.45824519218750004 0.8584615390625 0.45055288437499996 0.83923076875 0.44362980781249994 0.83076923125 0.45055288437499996
0 0.815384615625 0.6074759609375 0.8176923078125 0.6190144234375 0.8292307687499999 0.6197836531250001 0.8484615390625001 0.6143990390625 0.8507692312499999 0.6074759609375 0.836153846875 0.602091346875 0.815384615625 0.6074759609375
0 0.966153846875 0.6136298078125 0.974615384375 0.629783653125 0.99076923125 0.632091346875 1 0.6274759609375 0.996153846875 0.6174759609375 0.9761538468750001 0.6097836531249999 0.966153846875 0.6136298078125
0 0.8107692312499999 0.48286057656250003 0.8292307687499999 0.48901442343749996 0.8438461531250001 0.4836298078125 0.846153846875 0.4736298078125 0.8176923078125 0.4682451921875 0.8107692312499999 0.48286057656250003
0 0.9 0.37824519218749997 0.9115384609375001 0.38978365312499996 0.9276923078125 0.38901442343750003 0.9384615390625 0.381322115625 0.9269230765625001 0.36824519218749996 0.9084615390625 0.36824519218749996 0.9 0.37824519218749997
0 0.9576923078125 0.30362980781250004 0.9469230765625 0.30362980781250004 0.8984615390625 0.31670673125 0.90076923125 0.3236298078125 0.9123076921875001 0.3243990390625 0.9284615390625 0.3159375 0.9530769234375001 0.31901442343749997 0.9646153843749999 0.310552884375 0.9576923078125 0.30362980781250004
0 0.8415384609375 0.5736298078125001 0.8469230765625 0.58670673125 0.864615384375 0.5874759609375 0.8800000000000001 0.5628605765625 0.874615384375 0.5482451921875 0.854615384375 0.5528605765625 0.8415384609375 0.5736298078125001
0 0.816153846875 0.311322115625 0.7976923078125 0.3143990390625 0.7830769234375 0.3243990390625 0.78 0.33516826875 0.7930769234375 0.35132211562500004 0.815384615625 0.35362980781250003 0.8369230765625 0.3428605765625 0.8446153843750001 0.3290144234375 0.8423076921874999 0.3174759609375 0.816153846875 0.311322115625
0 0.9053846156249999 0.35132211562500004 0.9069230765625 0.340552884375 0.83076923125 0.35362980781250003 0.8215384609375 0.37516826875 0.84076923125 0.38978365312499996 0.8615384609375001 0.3936298078125 0.8730769234375 0.3928605765625 0.886153846875 0.381322115625 0.8892307687500001 0.3582451921875 0.9053846156249999 0.35132211562500004
0 0.7430769234375 0.290552884375 0.745384615625 0.302091346875 0.7630769234375 0.3028605765625 0.77076923125 0.29670673125 0.763846153125 0.28516826875 0.7515384609375 0.2836298078125 0.7430769234375 0.290552884375
0 0.70076923125 0.2943990390625 0.693846153125 0.3028605765625 0.695384615625 0.310552884375 0.713846153125 0.3136298078125 0.7215384609375 0.30901442343749996 0.7215384609375 0.301322115625 0.7146153843749999 0.2943990390625 0.70076923125 0.2943990390625
0 0.756153846875 0.589783653125 0.766153846875 0.5890144234375 0.77076923125 0.581322115625 0.765384615625 0.5759375 0.7523076921875 0.579783653125 0.756153846875 0.589783653125
0 0.706153846875 0.5751682687499999 0.72076923125 0.5882451921875 0.72923076875 0.5874759609375 0.743846153125 0.5390144234375 0.723846153125 0.542091346875 0.706153846875 0.5582451921875 0.706153846875 0.5751682687499999
0 0.795384615625 0.541322115625 0.8030769234375 0.530552884375 0.7853846156250001 0.5282451921875 0.7830769234375 0.5382451921875 0.795384615625 0.541322115625