0 0.49970561562500004 0.37318840625 0.5069519921875 0.3677536234375 0.5169157609374999 0.3541666671875 0.5141983703124999 0.3297101453125 0.48521286249999995 0.3297101453125 0.4689085140625 0.3423913046875 0.4562273546875 0.3297101453125 0.42180706562500003 0.315217390625 0.39010416718749996 0.31431159375 0.3792346015625 0.3451086953125 0.3774230078125 0.3867753625 0.386480978125 0.38315217343749997 0.38919837031250004 0.360507246875 0.39372735468750003 0.39764492812499996 0.386480978125 0.4175724640625 0.39553895 0.423007246875 0.40097373125 0.45018115937500003 0.39553895 0.4936594203125 0.39553895 0.5099637687499999 0.40097373125 0.5117753625 0.42271286249999995 0.4175724640625 0.447169384375 0.389492753125 0.48521286249999995 0.3695652171875 0.49970561562500004 0.37318840625
0 0.6192708328125 0.1938405796875 0.624705615625 0.19746376875 0.6391983703124999 0.190217390625 0.6482563406249999 0.20833333281250002 0.7053215578125 0.1802536234375 0.712567934375 0.1603260875 0.7107563406249999 0.1041666671875 0.698980978125 0.0434782609375 0.6482563406249999 0.016304348437499998 0.5866621375000001 0.012681159375 0.5803215578125 0.0190217390625 0.58303895 0.0271739125 0.5703577906249999 0.016304348437499998 0.513292571875 0.048007246875 0.5078577906249999 0.0788043484375 0.5169157609374999 0.10778985468749999 0.49155344218749997 0.151268115625 0.4734375 0.16757246406249998 0.4553215578125 0.20923912968749997 0.44354619531250006 0.20833333281250002 0.42724184843749996 0.2192028984375 0.40550271718750003 0.211956521875 0.39553895 0.2201086953125 0.400067934375 0.2554347828125 0.40912590625 0.25181159375 0.5024230078125 0.27264492812499996 0.5024230078125 0.24728260937500002 0.5196331515625 0.235507246875 0.5794157609374999 0.22463768125 0.6192708328125 0.1938405796875
0 0.5286911234375 0.4818840578125 0.52053895 0.5298913046875 0.5277853265625 0.5461956515625 0.5286911234375 0.4818840578125
0 0.5141983703124999 0.40942029062499996 0.5187273546875 0.4375 0.513292571875 0.4556159421875 0.5187273546875 0.4556159421875 0.5295969203124999 0.4375 0.5187273546875 0.42119565156250005 0.5241621375000001 0.41213768125000005 0.5141983703124999 0.40942029062499996
0 0.48974184843749996 0.4085144921875 0.496082428125 0.3786231890625 0.47162590625 0.39764492812499996 0.47887228281249994 0.4103260875 0.48793025312499994 0.499094203125 0.4806838765625 0.53713768125 0.49155344218749997 0.5534420296875 0.49879981874999996 0.5353260875 0.49336503593750003 0.5172101453125 0.5006114125 0.5063405796875 0.48974184843749996 0.4085144921875
0 0.4670969203125 0.2663043484375 0.39825634062500004 0.2590579703125 0.39735054375 0.31068840625 0.4698143109375 0.33423912968749997 0.49245923906250005 0.3242753625 0.5169157609374999 0.3306159421875 0.5078577906249999 0.2835144921875 0.4670969203125 0.2663043484375
0 0.595720109375 0.4257246375 0.5857563406249999 0.4429347828125 0.5930027171875001 0.4447463765625 0.595720109375 0.4257246375
0 0.3819519921875 0.49818840625 0.3701766296875 0.5081521734375001 0.3810461953125 0.51539855 0.3819519921875 0.49818840625
0 0.387386775 0.46014492812499996 0.37561141249999996 0.475543478125 0.382857790625 0.49003623125000006 0.387386775 0.46014492812499996
0 0.512386775 0.40760869531250005 0.5060461953125001 0.4284420296875 0.5169157609374999 0.45380434843749995 0.5314085140625 0.43931159375 0.52235054375 0.4302536234375 0.5241621375000001 0.41213768125000005 0.512386775 0.40760869531250005
0 0.5893795296875 0.2835144921875 0.5803215578125 0.2672101453125 0.5658288046875 0.2672101453125 0.564017209375 0.27264492812499996 0.5785099640625 0.2798913046875 0.5776041671875001 0.2916666671875 0.6056838765625 0.299818840625 0.61383605 0.28623188437499997 0.599343296875 0.2789855078125 0.58485054375 0.28985507187500004 0.5893795296875 0.2835144921875
0 0.47524909375 0.4664855078125 0.47706068906250004 0.39764492812499996 0.4689085140625 0.3949275359375 0.4698143109375 0.4574275359375 0.47524909375 0.4664855078125