0 0.476 0.27156250000000004 0.4723333328125 0.2672291671875 0.4583333328125 0.26789583281249996 0.4493333328125 0.27156250000000004 0.458 0.2728958328125 0.476 0.27156250000000004
0 0.43 0.2442291671875 0.43166666718749996 0.24656250000000002 0.43566666718749997 0.24522916718749999 0.4386666671875 0.2502291671875 0.4313333328125 0.26156250000000003 0.4363333328125 0.2665625 0.44066666718749997 0.2668958328125 0.4693333328125 0.2548958328125 0.4693333328125 0.2508958328125 0.46399999999999997 0.2468958328125 0.4623333328125 0.23522916718750003 0.4443333328125 0.23389583281249998 0.43 0.2442291671875
0 0.42033333281249996 0.2638958328125 0.41733333281249996 0.27556250000000004 0.42133333281249996 0.2768958328125 0.426 0.26756250000000004 0.42033333281249996 0.2638958328125
0 0.4153333328125 0.2968958328125 0.41733333281249996 0.2975625 0.4273333328125 0.2875625 0.42933333281249997 0.2795625 0.42766666718749996 0.2765625 0.41900000000000004 0.2765625 0.4146666671875 0.2808958328125 0.4153333328125 0.2968958328125
0 0.43200000000000005 0.3128958328125 0.4263333328125 0.3112291671875 0.41633333281249996 0.31856249999999997 0.41166666718749995 0.3172291671875 0.40800000000000003 0.3248958328125 0.41333333281250006 0.3282291671875 0.41566666718749995 0.3198958328125 0.4176666671875 0.3245625 0.42366666718749996 0.3252291671875 0.42400000000000004 0.3188958328125 0.43099999999999994 0.31656249999999997 0.43200000000000005 0.3128958328125
0 0.4226666671875 0.32556250000000003 0.421 0.3225625 0.41633333281249996 0.3218958328125 0.4126666671875 0.3308958328125 0.4206666671875 0.3402291671875 0.4226666671875 0.32556250000000003
0 0.42766666718749996 0.3458958328125 0.4313333328125 0.3555625 0.43600000000000005 0.35622916718750003 0.44000000000000006 0.3462291671875 0.42766666718749996 0.3458958328125
0 0.43600000000000005 0.3308958328125 0.43166666718749996 0.3245625 0.42833333281249997 0.3245625 0.4273333328125 0.3348958328125 0.43200000000000005 0.3362291671875 0.43600000000000005 0.3308958328125
0 0.458 0.4022291671875 0.45999999999999996 0.4028958328125 0.4606666671875 0.39289583281249996 0.46799999999999997 0.3828958328125 0.464338 0.3771298328125 0.45999999999999996 0.3802291671875 0.458 0.3855625 0.458 0.4022291671875
0 0.508 0.3748958328125 0.5106666671875 0.3755625 0.5166666671875 0.3608958328125 0.5143333328125 0.3545625 0.5063333328125 0.35322916718749997 0.502 0.35822916718750003 0.506 0.36022916718750003 0.508 0.3748958328125
0 0.5136666671875 0.3438958328125 0.51 0.34689583281249997 0.514 0.3528958328125 0.516 0.34689583281249997 0.5136666671875 0.3438958328125
0 0.5016666671875 0.3198958328125 0.5033333328125 0.3348958328125 0.506 0.3355625 0.5073333328125 0.3248958328125 0.5016666671875 0.3198958328125
0 0.5146666671875 0.3328958328125 0.5206666671875 0.3288958328125 0.5233333328125 0.3228958328125 0.5216666671875 0.31856249999999997 0.514 0.3188958328125 0.5126666671875 0.3282291671875 0.5146666671875 0.3328958328125