0 0.7936046515624999 0.615552325 0.8052325578125 0.6068313953125 0.7950581390625 0.5850290703125001 0.771802325 0.579215115625 0.7587209296874999 0.589389534375 0.771802325 0.6140988375 0.7936046515624999 0.615552325
0 0.8837209296875 0.3364825578125 0.9244186046875 0.3190406984375 0.8662790703125 0.33357558125 0.8837209296875 0.3364825578125
0 0.973837209375 0.365552325 0.978197675 0.35537790625 0.941860465625 0.36264534843749996 0.973837209375 0.365552325
0 0.43313953437499997 0.46438953437499997 0.4665697671875 0.48619186093750005 0.5188953484375001 0.4774709296875 0.5595930234375001 0.4396802328125 0.59302325625 0.43241279062500004 0.59302325625 0.39462209375 0.5813953484375001 0.3888081390625 0.59302325625 0.3829941859375 0.5915697671875 0.358284884375 0.578488371875 0.36264534843749996 0.5654069765624999 0.390261628125 0.547965115625 0.36991279062500004 0.5087209296874999 0.365552325 0.5436046515624999 0.3190406984375 0.5203488375 0.295784884375 0.521802325 0.285610465625 0.53052325625 0.297238371875 0.5377906984374999 0.287063953125 0.5392441859375 0.26235465156250004 0.5101744187499999 0.2827034890625 0.4578488375 0.285610465625 0.4563953484375 0.3015988375 0.41133720937499996 0.337936046875 0.379360465625 0.337936046875 0.34447674375 0.36991279062500004 0.3037790703125 0.358284884375 0.2790697671875 0.3771802328125 0.2703488375 0.420784884375 0.28197674375 0.43241279062500004 0.24418604687499998 0.4498546515625 0.23837209375 0.4818313953125 0.2747093015625 0.5297965109375 0.3197674421875 0.5283430234375001 0.3735465109375 0.50072674375 0.3837209296875 0.490552325 0.3662790703125 0.4672965109375 0.4171511625 0.4338662796875 0.43313953437499997 0.4411337203125 0.43313953437499997 0.46438953437499997
0 0.6119186046875 0.33212209375 0.59447674375 0.329215115625 0.5828488375 0.3350290703125 0.5755813953125 0.3422965109375 0.5755813953125 0.3568313953125 0.5828488375 0.3640988375 0.603197675 0.3640988375 0.6061046515624999 0.3670058140625 0.610465115625 0.365552325 0.6148255812500001 0.3640988375 0.6220930234375001 0.3568313953125 0.6220930234375001 0.3510174421875 0.6162790703125001 0.3422965109375 0.6162790703125001 0.3364825578125 0.6119186046875 0.33212209375
0 0.5973837203125 0.3815406984375 0.588662790625 0.3786337203125 0.5872093015625001 0.3975290703125 0.59447674375 0.40188953437499997 0.6061046515624999 0.4047965109375 0.6119186046875 0.41061046562500003 0.6162790703125001 0.40915697656249994 0.619186046875 0.40334302343750006 0.630813953125 0.391715115625 0.6279069765624999 0.3859011625 0.6177325578125 0.3786337203125 0.6002906984374999 0.3786337203125 0.5973837203125 0.3815406984375
0 0.5712209296874999 0.454215115625 0.5625 0.454215115625 0.5595930234375001 0.45130813906249995 0.5523255812500001 0.45276162812500004 0.5537790703125001 0.45712209374999996 0.5595930234375001 0.45712209374999996 0.568313953125 0.462936046875 0.577034884375 0.462936046875 0.5799418609375 0.46584302343750006 0.5901162796875 0.46438953437499997 0.5901162796875 0.4614825578125 0.5857558140625 0.45712209374999996 0.5799418609375 0.45712209374999996 0.577034884375 0.454215115625 0.57412790625 0.45712209374999996 0.5712209296874999 0.454215115625
0 0.609011628125 0.4774709296875 0.61337209375 0.4760174421875 0.61337209375 0.4702034890625 0.6061046515624999 0.462936046875 0.598837209375 0.46438953437499997 0.598837209375 0.4702034890625 0.603197675 0.474563953125 0.609011628125 0.4774709296875
0 0.6075581390625 0.545784884375 0.6075581390625 0.5515988375 0.6235465109375 0.567587209375 0.6279069765624999 0.5661337203125 0.630813953125 0.56322674375 0.6220930234375001 0.5545058140625 0.6220930234375001 0.5486918609375 0.6148255812500001 0.5414244187499999 0.6119186046875 0.5414244187499999 0.6075581390625 0.545784884375
0 0.514534884375 0.571947675 0.521802325 0.579215115625 0.5348837203125 0.577761628125 0.5377906984374999 0.5748546515624999 0.5377906984374999 0.56322674375 0.53052325625 0.5559593015625001 0.521802325 0.5559593015625001 0.514534884375 0.56322674375 0.514534884375 0.571947675
0 0.44186046562500003 0.5486918609375 0.44186046562500003 0.54287790625 0.4287790703125 0.5297965109375 0.42587209374999996 0.5297965109375 0.4244186046875 0.537063953125 0.4375 0.5501453484375001 0.44186046562500003 0.5486918609375
0 0.4171511625 0.5734011625 0.4244186046875 0.571947675 0.422965115625 0.5501453484375001 0.4186046515625 0.5545058140625 0.4186046515625 0.5603197671875 0.41279069843749994 0.5661337203125 0.41279069843749994 0.5690406984374999 0.4171511625 0.5734011625
0 0.4360465109375 0.5748546515624999 0.4360465109375 0.5835755812500001 0.44040697656249994 0.587936046875 0.44186046562500003 0.5864825578125 0.44767441874999997 0.5806686046875 0.44767441874999997 0.571947675 0.443313953125 0.5646802328125 0.4389534890625 0.5661337203125 0.4389534890625 0.571947675 0.4360465109375 0.5748546515624999
0 0.353197675 0.547238371875 0.3575581390625 0.545784884375 0.360465115625 0.5399709296874999 0.35610465156250004 0.535610465625 0.353197675 0.535610465625 0.34883720937499996 0.5399709296874999 0.34883720937499996 0.54287790625 0.353197675 0.547238371875
0 0.3779069765625 0.537063953125 0.379360465625 0.5443313953125 0.38662790625 0.54287790625 0.38517441875 0.535610465625 0.3779069765625 0.537063953125
0 0.3982558140625 0.49345930156250006 0.396802325 0.4890988375 0.3924418609375 0.49345930156250006 0.3982558140625 0.49345930156250006
0 0.40116279062500004 0.49345930156250006 0.4026162796875 0.50072674375 0.4098837203125 0.49927325624999996 0.4098837203125 0.490552325 0.415697675 0.47892441874999997 0.4142441859375 0.47165697656249994 0.4098837203125 0.47311046562500003 0.4098837203125 0.47892441874999997 0.40116279062500004 0.49345930156250006
0 0.4302325578125 0.49345930156250006 0.42732558125000003 0.4818313953125 0.42005813906249995 0.48037790625000004 0.4186046515625 0.4876453484375 0.422965115625 0.4920058140625 0.4287790703125 0.49491279062500004 0.4302325578125 0.49345930156250006
0 0.28197674375 0.545784884375 0.2848837203125 0.54287790625 0.28197674375 0.53125 0.271802325 0.5297965109375 0.2674418609375 0.5341569765624999 0.2674418609375 0.545784884375 0.28197674375 0.545784884375
0 0.2412790703125 0.5341569765624999 0.24854651093750002 0.5414244187499999 0.255813953125 0.5399709296874999 0.26162790625 0.5341569765624999 0.26162790625 0.525436046875 0.254360465625 0.5181686046875 0.24563953437500002 0.5181686046875 0.2412790703125 0.5225290703125001 0.2412790703125 0.5341569765624999
0 0.25 0.6039244187499999 0.2572674421875 0.608284884375 0.26162790625 0.6068313953125 0.2674418609375 0.6010174421875 0.2674418609375 0.5922965109375 0.2630813953125 0.587936046875 0.2514534890625 0.587936046875 0.2470930234375 0.5952034890625 0.25 0.6039244187499999
0 0.22383720937499998 0.598110465625 0.22819767500000002 0.6024709296874999 0.235465115625 0.6010174421875 0.23837209375 0.598110465625 0.23837209375 0.5922965109375 0.23401162812499998 0.587936046875 0.22819767500000002 0.587936046875 0.22383720937499998 0.5922965109375 0.22383720937499998 0.598110465625
0 0.24854651093750002 0.5036337203125 0.24563953437500002 0.5036337203125 0.22674418593749998 0.53125 0.25 0.53125 0.254360465625 0.526889534375 0.2572674421875 0.5297965109375 0.2587209296875 0.5225290703125001 0.2529069765625 0.5138081390625 0.255813953125 0.5109011625 0.24854651093750002 0.5036337203125
0 0.2223837203125 0.48619186093750005 0.2325581390625 0.48473837187499996 0.23837209375 0.47892441874999997 0.23691860468749998 0.474563953125 0.23401162812499998 0.4774709296875 0.2223837203125 0.4774709296875 0.21802325625000002 0.4818313953125 0.2223837203125 0.48619186093750005
0 0.1453488375 0.4411337203125 0.1526162796875 0.4484011625 0.16569767500000002 0.446947675 0.16860465156249999 0.44404069843749994 0.16860465156249999 0.4295058140625 0.1642441859375 0.4251453484375 0.1526162796875 0.4251453484375 0.1453488375 0.4353197671875 0.1453488375 0.4411337203125
0 0.16860465156249999 0.41787790625000004 0.17587209374999999 0.4251453484375 0.181686046875 0.428052325 0.183139534375 0.4265988375 0.191860465625 0.42369186093750005 0.1947674421875 0.412063953125 0.1875 0.40188953437499997 0.17587209374999999 0.40188953437499997 0.16860465156249999 0.412063953125 0.16860465156249999 0.41787790625000004
0 0.12209302343749999 0.46438953437499997 0.1264534890625 0.46875 0.139534884375 0.4672965109375 0.1424418609375 0.46438953437499997 0.1424418609375 0.4556686046875 0.139534884375 0.4498546515625 0.129360465625 0.4484011625 0.12209302343749999 0.4556686046875 0.12209302343749999 0.46438953437499997
0 0.088662790625 0.48037790625000004 0.0959302328125 0.47892441874999997 0.0959302328125 0.4672965109375 0.088662790625 0.4600290703125 0.08284883750000001 0.4600290703125 0.07848837187499999 0.46438953437499997 0.0813953484375 0.47311046562500003 0.088662790625 0.48037790625000004
0 0.0813953484375 0.49927325624999996 0.084302325 0.4963662796875 0.084302325 0.490552325 0.077034884375 0.4890988375 0.07267441875 0.49345930156250006 0.0799418609375 0.50072674375 0.0813953484375 0.49927325624999996
0 0.1875 0.36991279062500004 0.1845930234375 0.36991279062500004 0.1802325578125 0.37427325625 0.1845930234375 0.3786337203125 0.1889534890625 0.3771802328125 0.1875 0.36991279062500004
0 0.24418604687499998 0.38008720937499996 0.2470930234375 0.3771802328125 0.2427325578125 0.3728197671875 0.23691860468749998 0.3728197671875 0.2325581390625 0.3771802328125 0.23691860468749998 0.3815406984375 0.24418604687499998 0.38008720937499996
0 0.2412790703125 0.40625 0.23401162812499998 0.4047965109375 0.2325581390625 0.412063953125 0.23691860468749998 0.41642441874999997 0.2412790703125 0.4149709296875 0.2412790703125 0.40625
0 0.370639534375 0.2797965109375 0.380813953125 0.2783430234375 0.3837209296875 0.2725290703125 0.379360465625 0.2681686046875 0.370639534375 0.2681686046875 0.3662790703125 0.2725290703125 0.3662790703125 0.275436046875 0.370639534375 0.2797965109375
0 0.41279069843749994 0.2376453484375 0.415697675 0.2521802328125 0.422965115625 0.259447675 0.42732558125000003 0.2579941859375 0.431686046875 0.2565406984375 0.44186046562500003 0.2463662796875 0.44186046562500003 0.23473837187500002 0.4375 0.2274709296875 0.422965115625 0.2274709296875 0.41279069843749994 0.2376453484375
0 0.46947674375000004 0.2565406984375 0.4796511625 0.25508720937499996 0.48255813906249995 0.2521802328125 0.4811046515625 0.24200581406250002 0.4723837203125 0.2390988375 0.4651162796875 0.2434593015625 0.4651162796875 0.2521802328125 0.46947674375000004 0.2565406984375
0 0.75 0.2638081390625 0.7514534890625 0.2681686046875 0.7703488375 0.266715115625 0.7732558140625 0.2609011625 0.765988371875 0.25072674375 0.7630813953125 0.25072674375 0.76162790625 0.25508720937499996 0.754360465625 0.26235465156250004 0.75 0.2638081390625
0 0.665697675 0.40334302343750006 0.6700581390625 0.4077034890625 0.672965115625 0.4077034890625 0.67587209375 0.4135174421875 0.683139534375 0.412063953125 0.6889534890625 0.40625 0.6889534890625 0.3888081390625 0.67587209375 0.38735465156250004 0.6686046515624999 0.39462209375 0.6686046515624999 0.400436046875 0.665697675 0.40334302343750006
0 0.494186046875 0.516715115625 0.49563953437499997 0.5239825578125 0.5029069765624999 0.5225290703125001 0.5014534890625 0.515261628125 0.494186046875 0.516715115625
0 0.3052325578125 0.19694767500000002 0.306686046875 0.20712209375 0.316860465625 0.20566860468749998 0.3154069765625 0.1954941859375 0.3052325578125 0.19694767500000002
0 0.1598837203125 0.19985465156249999 0.1598837203125 0.20566860468749998 0.172965115625 0.2158430234375 0.1802325578125 0.21438953437500002 0.1802325578125 0.20276162812499998 0.17732558125 0.19694767500000002 0.172965115625 0.192587209375 0.1642441859375 0.1896802328125 0.15697674374999998 0.19694767500000002 0.1598837203125 0.19985465156249999
0 0.1904069765625 0.29142441875 0.1889534890625 0.3015988375 0.19767441875 0.3015988375 0.19767441875 0.29287790625 0.1904069765625 0.29142441875
0 0.17587209374999999 0.35537790625 0.1802325578125 0.35392441875 0.183139534375 0.348110465625 0.1787790703125 0.34375 0.17587209374999999 0.34375 0.171511628125 0.348110465625 0.171511628125 0.3510174421875 0.17587209374999999 0.35537790625
0 0.0973837203125 0.3728197671875 0.0915697671875 0.3728197671875 0.0872093015625 0.3771802328125 0.0915697671875 0.3815406984375 0.098837209375 0.38008720937499996 0.0973837203125 0.3728197671875
0 0.22674418593749998 0.321947675 0.235465115625 0.321947675 0.23837209375 0.3161337203125 0.23401162812499998 0.31177325625 0.22819767500000002 0.31177325625 0.2252906984375 0.3088662796875 0.22383720937499998 0.3161337203125 0.22674418593749998 0.321947675