0 0.03076923125 0.35985576875 0.053846153125 0.34703525625 0.05641025625 0.31113782031250004 0.0320512828125 0.294471153125 0.00641025625 0.29703525625 0 0.3521634609375 0.03076923125 0.35985576875
0 0 0.44959935937499995 0.041025640625 0.45985576874999995 0.071794871875 0.4290865390625 0.06923076875 0.4085737171875 0.052564103125 0.381650640625 0.0141025640625 0.3790865390625 0 0.390625 0 0.44959935937499995
0 0.0615384609375 0.5803685890625 0.0666666671875 0.5726762828124999 0.057692307812499996 0.568830128125 0.0615384609375 0.5803685890625
0 0.1769230765625 0.5495993593749999 0.18076923125 0.5611378203124999 0.2076923078125 0.55985576875 0.20384615312499998 0.538060896875 0.1769230765625 0.5495993593749999
0 0.2166666671875 0.5072916671875001 0.23076923124999998 0.506009615625 0.24615384687500003 0.49575320468750006 0.24615384687500003 0.4778044875 0.2294871796875 0.46113782031249995 0.20384615312499998 0.4637019234375 0.2 0.49318910312500003 0.2166666671875 0.5072916671875001
0 0.124358975 0.481650640625 0.12051282031249999 0.49318910312500003 0.13076923125 0.49575320468750006 0.1358974359375 0.48549679531249995 0.124358975 0.481650640625
0 0.17051282031249998 0.30985576875 0.15897435937499999 0.32652243593749997 0.1794871796875 0.3393429484375 0.1948717953125 0.32139423125 0.17051282031249998 0.30985576875
0 0.43461538437499997 0.41241987187499995 0.42435897499999997 0.42011217968750003 0.425641025 0.39575320468749997 0.39871794843749997 0.381650640625 0.365384615625 0.3919070515625 0.334615384375 0.386778846875 0.321794871875 0.41241987187499995 0.3205128203125 0.38549679531250003 0.346153846875 0.3778044875 0.3320512828125 0.3765224359375 0.3269230765625 0.3585737171875 0.3 0.3572916671875 0.3076923078125 0.3829326921875 0.2858974359375 0.3893429484375 0.284615384375 0.4034455125 0.3102564109375 0.416266025 0.3102564109375 0.44959935937499995 0.32564102500000003 0.4521634609375 0.3166666671875 0.45600961562500003 0.3423076921875 0.4637019234375 0.39871794843749997 0.45857371718750006 0.3769230765625 0.44959935937499995 0.40384615312500005 0.440625 0.40641025624999993 0.4508814109375 0.421794871875 0.440625 0.4205128203125 0.4778044875 0.428205128125 0.4803685890625 0.45384615312500004 0.4675480765625 0.45 0.4534455125 0.47948717968750004 0.4419070515625 0.475641025 0.42267628281249997 0.4397435890625 0.42267628281249997 0.43461538437499997 0.41241987187499995
0 0.35 0.23806089687499998 0.34358974375 0.2521634609375 0.358974359375 0.25985576875 0.36666666718749996 0.24447115312499998 0.35 0.23806089687499998
0 0.48076923125000004 0.23036858906250002 0.4769230765625 0.24703525625 0.49230769218750003 0.2521634609375 0.5 0.236778846875 0.48076923125000004 0.23036858906250002
0 0.5141025640625 0.28421474375 0.5102564109375 0.3034455125 0.5230769234375 0.3085737171875 0.5358974359374999 0.2957532046875 0.5141025640625 0.28421474375
0 0.4371794875 0.21754807656250003 0.40641025624999993 0.225240384375 0.3897435890625 0.2521634609375 0.40384615312500005 0.2919070515625 0.446153846875 0.2983173078125 0.474358975 0.2701121796875 0.474358975 0.24447115312499998 0.45384615312500004 0.22139423125 0.4615384609375 0.20600961562500003 0.45 0.19703525625 0.4371794875 0.21754807656250003
0 0.40512820468750005 0.144471153125 0.24358974375 0.14703525625 0.2858974359375 0.14831730781250002 0.253846153125 0.162419871875 0.2679487171875 0.18421474375 0.2948717953125 0.1829326921875 0.2987179484375 0.1739583328125 0.31410256406250003 0.181650640625 0.3679487171875 0.1790865390625 0.3769230765625 0.15985576875000002 0.3448717953125 0.14831730781250002 0.40512820468750005 0.144471153125
0 0.7576923078125 0.140625 0.7051282046875 0.14703525625 0.7294871796875 0.1534455125 0.7371794875 0.1457532046875 0.7512820515625 0.1572916671875 0.7576923078125 0.140625
0 0.7897435890625 0.2111378203125 0.7923076921875001 0.18549679531250002 0.7833333328125 0.1765224359375 0.7512820515625 0.2137019234375 0.7666666671875 0.231650640625 0.7897435890625 0.2111378203125
0 0.8102564109375001 0.20600961562500003 0.828205128125 0.2111378203125 0.846153846875 0.1957532046875 0.8487179484375 0.162419871875 0.8371794875 0.15088141093750002 0.824358975 0.15088141093750002 0.8051282046875 0.1803685890625 0.8102564109375001 0.20600961562500003
0 0.6653846156250001 0.16113782031249999 0.6589743593749999 0.175240384375 0.674358975 0.1803685890625 0.6794871796875 0.16754807656249998 0.6653846156250001 0.16113782031249999
0 0.6871794875 0.2547275640625 0.691025640625 0.26883012812499996 0.7051282046875 0.2675480765625 0.703846153125 0.2508814109375 0.6871794875 0.2547275640625
0 0.6730769234375 0.26883012812499996 0.66923076875 0.2829326921875 0.6923076921875 0.293189103125 0.6871794875 0.2726762828125 0.6730769234375 0.26883012812499996
0 0.802564103125 0.5547275640625 0.824358975 0.57139423125 0.874358975 0.5778044875 0.8948717953124999 0.562419871875 0.8769230765625 0.506009615625 0.852564103125 0.48677884687499995 0.8141025640624999 0.494471153125 0.7948717953125 0.5239583328124999 0.802564103125 0.5547275640625
0 0.8641025640625 0.31113782031250004 0.847435896875 0.29959935937500004 0.8141025640624999 0.3021634609375 0.7974358968749999 0.33421474375 0.8076923078125 0.3572916671875 0.79358974375 0.3611378203125 0.7923076921875001 0.3726762828125 0.8333333328125001 0.41883012812500003 0.8205128203125 0.44959935937499995 0.8692307687499999 0.48549679531249995 0.9051282046875 0.4701121796875 0.915384615625 0.416266025 0.8987179484375 0.39703525625 0.8589743593750001 0.38549679531250003 0.874358975 0.35985576875 0.8641025640625 0.31113782031250004
0 0.9666666671874999 0.162419871875 0.9576923078125 0.14831730781250002 0.9371794875000001 0.14831730781250002 0.93076923125 0.175240384375 0.953846153125 0.1829326921875 0.9666666671874999 0.162419871875
0 0.9602564109375 0.3585737171875 0.9794871796875 0.3572916671875 1 0.32652243593749997 0.9628205124999999 0.31241987187500003 0.9487179484375 0.3239583328125 0.953846153125 0.33421474375 0.9461538468749999 0.3419070515625 0.9602564109375 0.3585737171875
0 0.9384615390625 0.32652243593749997 0.9564102562500001 0.2854967953125 0.9423076921875 0.27139423125 0.924358975 0.27139423125 0.9102564109375001 0.293189103125 0.925641025 0.32652243593749997 0.9384615390625 0.32652243593749997
0 0.9641025640625 0.2701121796875 0.9923076921874999 0.24703525625 0.9858974359375001 0.214983975 0.9525641031250001 0.20729166718749997 0.9076923078125001 0.22395833281250002 0.9448717953125 0.26883012812499996 0.9641025640625 0.2701121796875
0 1 0.5239583328124999 0.99358974375 0.5047275640625 0.9871794875000001 0.5188301281250001 1 0.5239583328124999
0 1 0.464983975 0.9987179484375 0.438060896875 0.9871794875000001 0.45729166718750003 1 0.464983975
0 1 0.6547275640625 0.9987179484375 0.612419871875 0.9897435890624999 0.6393429484375 1 0.6547275640625
0 1 0.5572916671875 0.9884615390624999 0.5534455125 0.997435896875 0.5803685890625 0.9846153843750001 0.5983173078124999 1 0.606009615625 1 0.5572916671875
0 0.9653846156249999 0.48421474375000007 0.9615384609375001 0.5034455125 0.9820512828125001 0.5085737171875 0.9871794875000001 0.490625 0.9653846156249999 0.48421474375000007
0 0.8653846156249999 0.668830128125 0.8589743593750001 0.6829326921875001 0.874358975 0.6854967953125 0.8769230765625 0.675240384375 0.8653846156249999 0.668830128125
0 0.9115384609375001 0.7790865390625 0.9076923078125001 0.793189103125 0.9230769234375 0.7957532046875 0.925641025 0.7829326921875001 0.9115384609375001 0.7790865390625
0 0.9358974359375001 0.706009615625 0.9294871796875 0.6919070515625 0.9128205125 0.6983173078125 0.9051282046875 0.7111378203125 0.9128205125 0.718830128125 0.9358974359375001 0.706009615625
0 0.8576923078125 0.7713942312500001 0.8487179484375 0.793189103125 0.8666666671875 0.8008814109375001 0.8769230765625 0.7803685890625001 0.8576923078125 0.7713942312500001
0 0.8692307687499999 0.7393429484375 0.8576923078125 0.7303685890625 0.84358974375 0.7393429484375 0.84358974375 0.7521634609375 0.8615384609375001 0.7598557687499999 0.8692307687499999 0.7393429484375
0 0.9589743593750001 0.7701121796875 0.9666666671874999 0.7265224359375 0.9576923078125 0.7175480765625 0.9269230765625001 0.7226762828125 0.915384615625 0.7393429484375 0.9205128203124999 0.7572916671875001 0.9589743593750001 0.7701121796875
0 0.7807692312500001 0.7252403843749999 0.7705128203125 0.7201121796875001 0.771794871875 0.7342147437500001 0.7551282046875001 0.7483173078124999 0.75 0.738060896875 0.7192307687499999 0.7303685890625 0.6705128203124999 0.7354967953125 0.6602564109375 0.7483173078124999 0.6551282046875 0.7329326921875 0.6397435890625001 0.7303685890625 0.5858974359375 0.740625 0.5833333328125 0.7508814109374999 0.5615384609375 0.7572916671875001 0.558974359375 0.7803685890625001 0.574358975 0.7854967953124999 0.5858974359375 0.80985576875 0.5935897437500001 0.7995993593749999 0.6 0.8111378203124999 0.5602564109375 0.814983975 0.5602564109375 0.8226762828125 0.6371794875 0.814983975 0.697435896875 0.82139423125 0.7141025640625001 0.8072916671874999 0.7628205125 0.812419871875 0.7679487171875 0.794471153125 0.7820512828124999 0.8034455125 0.8 0.7572916671875001 0.7807692312500001 0.7252403843749999
0 0.6115384609375 0.69703525625 0.6307692312500001 0.6957532046875 0.6358974359375 0.6675480765625 0.6487179484375 0.662419871875 0.64358974375 0.6419070515625 0.6564102562499999 0.6393429484375 0.652564103125 0.6278044875 0.6641025640625 0.6290865390625 0.64358974375 0.606009615625 0.6576923078125 0.599599359375 0.6653846156250001 0.6072916671875 0.6794871796875 0.5931891031250001 0.678205128125 0.5739583328125 0.6705128203124999 0.594471153125 0.6576923078125 0.594471153125 0.6576923078125 0.5867788468749999 0.6423076921875001 0.5919070515625 0.6487179484375 0.562419871875 0.6371794875 0.5611378203124999 0.6320512828125 0.5483173078125 0.6141025640625 0.5508814109375 0.608974359375 0.540625 0.5987179484375 0.5483173078125 0.5935897437500001 0.5329326921875001 0.5820512828125 0.5419070515625 0.5871794875 0.5572916671875 0.5628205125 0.5585737171875 0.55 0.58421474375 0.5474358968749999 0.566266025 0.534615384375 0.5919070515625 0.5320512828124999 0.566266025 0.5141025640625 0.5765224359375 0.503846153125 0.6072916671875 0.4987179484375 0.581650640625 0.497435896875 0.606009615625 0.48974358906250004 0.6085737171875001 0.4948717953125 0.636778846875 0.4884615390625 0.6457532046875001 0.48333333281249996 0.6226762828125 0.474358975 0.6393429484375 0.4820512828125 0.6829326921875001 0.5102564109375 0.693189103125 0.5128205125 0.7085737171875001 0.502564103125 0.718830128125 0.5102564109375 0.7316506406250001 0.521794871875 0.740625 0.5320512828124999 0.7303685890625 0.534615384375 0.743189103125 0.5641025640625 0.74703525625 0.602564103125 0.7239583328125 0.5871794875 0.718830128125 0.5935897437500001 0.70985576875 0.6012820515625 0.7175480765625 0.615384615625 0.7111378203125 0.6115384609375 0.69703525625
0 0.5012820515625 0.7354967953125 0.5102564109375 0.7342147437500001 0.5 0.718830128125 0.5102564109375 0.6957532046875 0.4884615390625 0.68421474375 0.4769230765625 0.693189103125 0.4769230765625 0.7085737171875001 0.5012820515625 0.7354967953125
0 0.384615384375 0.62139423125 0.374358975 0.6470352562499999 0.40641025624999993 0.6713942312500001 0.43333333281249997 0.6701121796875 0.4641025640625 0.649599359375 0.46923076874999997 0.6137019234375 0.4397435890625 0.58421474375 0.396153846875 0.58421474375 0.374358975 0.6085737171875001 0.384615384375 0.62139423125
0 0.32820512812499997 0.7316506406250001 0.3551282046875 0.7585737171875 0.40512820468750005 0.7598557687499999 0.41794871718750004 0.718830128125 0.4128205125 0.690625 0.38076923125 0.666266025 0.3576923078125 0.668830128125 0.32820512812499997 0.7085737171875001 0.32820512812499997 0.7316506406250001
0 0.3012820515625 0.6534455125 0.2948717953125 0.6701121796875 0.3128205125 0.6726762828124999 0.31538461562500003 0.6572916671875 0.3012820515625 0.6534455125
0 0.23461538437499999 0.7201121796875001 0.23333333281250002 0.7316506406250001 0.24358974375 0.7342147437500001 0.24615384687500003 0.72139423125 0.23461538437499999 0.7201121796875001
0 0.20512820468749998 0.764983975 0.19615384687499998 0.7534455125 0.1948717953125 0.764983975 0.20512820468749998 0.764983975
0 0.7128205125 0.45472756406250003 0.728205128125 0.444471153125 0.73076923125 0.4290865390625 0.7166666671875 0.41241987187499995 0.703846153125 0.41241987187499995 0.6871794875 0.444471153125 0.7128205125 0.45472756406250003
0 0.7179487171875001 0.49575320468750006 0.7512820515625 0.506009615625 0.7666666671875 0.488060896875 0.7666666671875 0.4701121796875 0.75 0.45600961562500003 0.7320512828125 0.45600961562500003 0.715384615625 0.4701121796875 0.7179487171875001 0.49575320468750006
0 0.6128205125 0.444471153125 0.615384615625 0.45985576874999995 0.6423076921875001 0.47139423125 0.6602564109375 0.494471153125 0.6820512828124999 0.49575320468750006 0.697435896875 0.475240384375 0.6897435890625 0.45472756406250003 0.6602564109375 0.44831730781249995 0.647435896875 0.4278044875 0.624358975 0.4278044875 0.6128205125 0.444471153125
0 0.7551282046875001 0.5637019234375 0.774358975 0.562419871875 0.7871794875 0.53421474375 0.775641025 0.5201121796875 0.7576923078125 0.5201121796875 0.7435897437500001 0.53421474375 0.739315384375 0.5572916671875 0.7551282046875001 0.5637019234375
0 0.6871794875 0.6111378203125 0.7076923078124999 0.618830128125 0.7333333328125 0.5957532046875 0.721794871875 0.568830128125 0.6987179484375 0.5637019234375 0.6820512828124999 0.590625 0.6948717953125 0.590625 0.6871794875 0.6111378203125
0 0.7423076921875 0.612419871875 0.741025640625 0.6239583328125 0.7512820515625 0.6239583328125 0.753846153125 0.616266025 0.7423076921875 0.612419871875
0 0.9397435890624999 0.5124198718749999 0.9141025640624999 0.5072916671875001 0.8948717953124999 0.516266025 0.8871794875000001 0.5495993593749999 0.9076923078125001 0.564983975 0.9512820515625 0.55985576875 0.9435897437499999 0.5393429484375 0.95 0.5354967953124999 0.9551282046875 0.5483173078125 0.9589743593750001 0.53421474375 0.9397435890624999 0.5124198718749999
0 0.874358975 0.3393429484375 0.8807692312500001 0.35088141093749997 0.9 0.3521634609375 0.9 0.3034455125 0.8858974359375 0.3072916671875 0.8871794875000001 0.293189103125 0.875641025 0.28421474375 0.8666666671875 0.290625 0.874358975 0.3393429484375
0 0.6884615390625 0.3893429484375 0.6820512828124999 0.4034455125 0.697435896875 0.41113782031249996 0.7051282046875 0.40088141093749996 0.6884615390625 0.3893429484375
0 0.8051282046875 0.45472756406250003 0.8012820515625 0.4457532046875 0.7923076921875001 0.4521634609375 0.8051282046875 0.45472756406250003
0 0.815384615625 0.464983975 0.8269230765625 0.4457532046875 0.8128205124999999 0.44703525624999996 0.815384615625 0.464983975
0 0.6012820515625 0.42011217968750003 0.597435896875 0.43421474375 0.6102564109374999 0.43677884687499996 0.6128205125 0.42395833281249995 0.6012820515625 0.42011217968750003
0 0.6166666671875001 0.49190705156250003 0.6128205125 0.506009615625 0.6282051281250001 0.506009615625 0.6282051281250001 0.49318910312500003 0.6166666671875001 0.49190705156250003
0 0.68076923125 0.514983975 0.6769230765625001 0.5239583328124999 0.6871794875 0.5265224359375 0.6923076921875 0.5188301281250001 0.68076923125 0.514983975
0 0.7179487171875001 0.5085737171875 0.7166666671875 0.499599359375 0.7102564109375 0.506009615625 0.7179487171875001 0.5085737171875
0 0.5269230765625 0.4508814109375 0.5230769234375 0.462419871875 0.5333333328125 0.464983975 0.5358974359374999 0.4521634609375 0.5269230765625 0.4508814109375
0 0.5230769234375 0.4085737171875 0.521794871875 0.39703525625 0.5076923078125 0.40088141093749996 0.5230769234375 0.4085737171875
0 0.2871794875 0.316266025 0.2987179484375 0.3303685890625 0.3230769234375 0.3290865390625 0.3269230765625 0.3072916671875 0.2871794875 0.316266025