0 0.071794871875 0.40600961562500004 0.06923076875 0.393189103125 0.047435896875 0.3893429484375 0.04358974375 0.4137019234375 0.0615384609375 0.416266025 0.071794871875 0.40600961562500004
0 0.22179487187500002 0.440625 0.2179487171875 0.45729166718750003 0.23589743593749998 0.45985576874999995 0.2384615390625 0.444471153125 0.22179487187500002 0.440625
0 0.178205128125 0.40729166718750004 0.171794871875 0.43677884687499996 0.19743589687500002 0.444471153125 0.202564103125 0.416266025 0.178205128125 0.40729166718750004
0 0.134615384375 0.425240384375 0.13076923125 0.43421474375 0.141025640625 0.4393429484375 0.146153846875 0.4290865390625 0.134615384375 0.425240384375
0 0.134615384375 0.481650640625 0.128205128125 0.490625 0.1384615390625 0.49831730781249994 0.14358974375 0.488060896875 0.134615384375 0.481650640625
0 0.0858974359375 0.5175480765625 0.07948717968749999 0.531650640625 0.0923076921875 0.536778846875 0.10512820468749999 0.5265224359375 0.0858974359375 0.5175480765625
0 0.15769230781250002 0.57139423125 0.15128205156250002 0.6008814109375 0.1820512828125 0.6085737171875001 0.1897435890625 0.5854967953125 0.15769230781250002 0.57139423125
0 0.224358975 0.5508814109375 0.2179487171875 0.564983975 0.23333333281250002 0.5675480765625001 0.23589743593749998 0.5547275640625 0.224358975 0.5508814109375
0 0.252564103125 0.5637019234375 0.24358974375 0.5778044875 0.2615384609375 0.588060896875 0.2666666671875 0.575240384375 0.252564103125 0.5637019234375
0 0.1615384609375 0.4829326921875 0.165384615625 0.49190705156250003 0.1871794875 0.490625 0.18589743593750002 0.4739583328125 0.1615384609375 0.4829326921875
0 0.202564103125 0.4778044875 0.20641025625 0.4893429484375 0.253846153125 0.488060896875 0.24230769218749998 0.4765224359375 0.202564103125 0.4778044875
0 0.10512820468749999 0.7572916671875001 0.1012820515625 0.7457532046875001 0.0923076921875 0.749599359375 0.10512820468749999 0.7572916671875001
0 0.2884615390625 0.6303685890625 0.2794871796875 0.649599359375 0.3 0.664983975 0.3179487171875 0.6470352562499999 0.2884615390625 0.6303685890625
0 0.346153846875 0.5854967953125 0.31923076875 0.568830128125 0.3051282046875 0.590625 0.31410256406250003 0.6047275640625001 0.3333333328125 0.606009615625 0.346153846875 0.5854967953125
0 0.475641025 0.6226762828125 0.46025641093749997 0.6278044875 0.42948717968750005 0.6072916671875 0.3871794875 0.6393429484375 0.3820512828125 0.662419871875 0.3923076921875 0.6829326921875001 0.4141025640625 0.69703525625 0.44358974375000004 0.6957532046875 0.4820512828125 0.6701121796875 0.47179487187499997 0.662419871875 0.475641025 0.6534455125 0.4871794875 0.6547275640625 0.4769230765625 0.6470352562499999 0.475641025 0.6226762828125
0 0.3615384609375 0.488060896875 0.3371794875 0.4739583328125 0.2987179484375 0.481650640625 0.29230769218749997 0.5034455125 0.347435896875 0.5637019234375 0.415384615625 0.616266025 0.43589743593749997 0.6085737171875001 0.391025640625 0.5867788468749999 0.32820512812499997 0.53421474375 0.334615384375 0.5226762828125 0.3615384609375 0.5137019234375 0.3615384609375 0.488060896875
0 0.278205128125 0.5021634609375 0.274358975 0.5137019234375 0.284615384375 0.516266025 0.29230769218749997 0.5085737171875 0.278205128125 0.5021634609375
0 0.25641025625 0.4803685890625 0.26025641093749996 0.4893429484375 0.29230769218749997 0.488060896875 0.296153846875 0.4790865390625 0.25641025625 0.4803685890625
0 0.4371794875 0.49703525624999995 0.4 0.5188301281250001 0.4 0.5393429484375 0.421794871875 0.5637019234375 0.452564103125 0.568830128125 0.47820512812500005 0.5534455125 0.602564103125 0.5931891031250001 0.552564103125 0.5637019234375 0.5064102562499999 0.5175480765625 0.4858974359375 0.5175480765625 0.47051282031249997 0.540625 0.4641025640625 0.5188301281250001 0.4371794875 0.49703525624999995
0 0.2948717953125 0.3239583328125 0.28974358906250003 0.35985576875 0.31923076875 0.399599359375 0.35641025625 0.41113782031249996 0.38333333281250004 0.4021634609375 0.39743589687499997 0.38549679531250003 0.402564103125 0.34959935937500003 0.375641025 0.3072916671875 0.3269230765625 0.29959935937500004 0.2948717953125 0.3239583328125
0 0.30384615312499996 0.2483173078125 0.2948717953125 0.2701121796875 0.3179487171875 0.2803685890625 0.32820512812499997 0.25985576875 0.30384615312499996 0.2483173078125
0 0.49615384687499997 0.3919070515625 0.47307692343749996 0.381650640625 0.44358974375000004 0.3983173078125 0.44102564062500005 0.4290865390625 0.4576923078125 0.44318910312500004 0.4769230765625 0.4419070515625 0.49615384687499997 0.4278044875 0.5115384609375 0.43549679531249996 0.525641025 0.41883012812500003 0.528205128125 0.4034455125 0.5166666671875 0.386778846875 0.49615384687499997 0.3919070515625
0 0.4076923078125 0.43421474375 0.4115384609375 0.4457532046875 0.44102564062500005 0.444471153125 0.4371794875 0.425240384375 0.4076923078125 0.43421474375
0 0.3820512828125 0.190625 0.3730769234375 0.1765224359375 0.37179487187500004 0.190625 0.3820512828125 0.190625
0 0.565384615625 0.34831730781250003 0.5615384609375 0.35985576875 0.571794871875 0.364983975 0.574358975 0.3521634609375 0.565384615625 0.34831730781250003
0 0.5333333328125 0.32139423125 0.5333333328125 0.3419070515625 0.54358974375 0.34703525625 0.5487179484375 0.32652243593749997 0.5384615390625 0.32139423125 0.5358974359374999 0.3008814109375 0.521794871875 0.294471153125 0.515384615625 0.31113782031250004 0.5333333328125 0.32139423125
0 0.647435896875 0.4508814109375 0.6628205125 0.4457532046875 0.684615384375 0.45985576874999995 0.674358975 0.47267628281249996 0.674358975 0.490625 0.684615384375 0.49318910312500003 0.697435896875 0.45472756406250003 0.671794871875 0.43677884687499996 0.6602564109375 0.41241987187499995 0.6269230765625 0.40729166718750004 0.6230769234375 0.41883012812500003 0.647435896875 0.4508814109375
0 0.596153846875 0.3303685890625 0.5794871796875001 0.34959935937500003 0.574358975 0.40088141093749996 0.5897435890625 0.41113782031249996 0.624358975 0.399599359375 0.6384615390625 0.3829326921875 0.641025640625 0.3521634609375 0.653846153125 0.34959935937500003 0.6269230765625 0.32524038437499997 0.596153846875 0.3303685890625
0 0.8051282046875 0.5393429484375 0.8576923078125 0.5790865390625 0.9102564109375001 0.5931891031250001 0.9128205125 0.5854967953125 0.875641025 0.5457532046875 0.85 0.540625 0.834615384375 0.5483173078125 0.824358975 0.525240384375 0.8051282046875 0.5393429484375
0 0.7384615390625 0.5137019234375 0.7384615390625 0.531650640625 0.7564102562499999 0.53421474375 0.7615384609375 0.5111378203125 0.734615384375 0.499599359375 0.741025640625 0.48549679531249995 0.7269230765625 0.4790865390625 0.725641025 0.5034455125 0.7384615390625 0.5137019234375
0 0.7141025640625001 0.6329326921875 0.7076923078124999 0.6547275640625 0.7358974359375 0.6675480765625 0.7333333328125 0.636778846875 0.7141025640625001 0.6329326921875
0 0.6820512828124999 0.6547275640625 0.6820512828124999 0.636778846875 0.6679487171875 0.6226762828125 0.6564102562499999 0.6726762828124999 0.6641025640625 0.6778044875 0.6820512828124999 0.6547275640625
0 0.841025640625 0.38036858906250004 0.8397435890624999 0.37139423125 0.8128205124999999 0.3726762828125 0.841025640625 0.38036858906250004
0 0.874358975 0.388060896875 0.875641025 0.3765224359375 0.846153846875 0.3778044875 0.874358975 0.388060896875
0 0.8794871796875 0.393189103125 0.89358974375 0.40985576874999996 0.9692307687499999 0.416266025 0.91923076875 0.386778846875 0.8794871796875 0.393189103125
0 0.752564103125 0.381650640625 0.7974358968749999 0.39575320468749997 0.721794871875 0.36370192343749996 0.7166666671875 0.3534455125 0.6897435890625 0.364983975 0.6923076921875 0.3778044875 0.7115384609375 0.3893429484375 0.752564103125 0.381650640625
0 0.2948717953125 0.23421474375 0.30256410312500004 0.22395833281250002 0.29358974375 0.21241987187500003 0.278205128125 0.20729166718749997 0.258974359375 0.216266025 0.2679487171875 0.23293269218749998 0.2948717953125 0.23421474375