0 0.4311111109375 0.48163194374999996 0.4311111109375 0.46163194374999994 0.38333333281250004 0.4360763890625 0.36666666718749996 0.4705208328125 0.41333333281250006 0.49274305625 0.4311111109375 0.48163194374999996
0 0.4011111109375 0.629409721875 0.292222221875 0.6538541671875 0.25888888906249996 0.65163194375 0.23777777812499998 0.639409721875 0.2288888890625 0.69274305625 0.23444444375 0.7138541671875 0.36555555625 0.7205208328125 0.412222221875 0.7471875 0.427777778125 0.7427430562499999 0.45222222187499994 0.7538541671875 0.46666666718750005 0.7860763890625 0.4933333328125 0.759409721875 0.502222221875 0.7305208328125 0.4888888890625 0.7238541671875 0.4888888890625 0.7082986109375 0.43666666718749997 0.67163194375 0.4011111109375 0.629409721875
0 0.23555555625000002 0.6082986109374999 0.242222221875 0.6038541671875 0.23555555625000002 0.5994097218750001 0.2666666671875 0.5860763890625 0.29555555624999996 0.53274305625 0.26777777812500003 0.5271874999999999 0.14555555625 0.5360763890625 0.12444444375 0.519409721875 0.12444444375 0.48163194374999996 0.1633333328125 0.46274305625 0.21888888906249998 0.45607638906250003 0.21777777812500002 0.4482986109375 0.19 0.44274305625 0.18555555625 0.44940972187500006 0.0966666671875 0.45385416718749994 0.0866666671875 0.474965278125 0.08444444375 0.539409721875 0.1 0.55274305625 0.08 0.57274305625 0.09444444375 0.5916319437500001 0.10888888906250001 0.5882986109375 0.11000000000000001 0.5738541671874999 0.13555555625 0.5882986109375 0.13555555625 0.6060763890625 0.12222222187500001 0.6105208328125 0.15555555625 0.6505208328125 0.1488888890625 0.679409721875 0.162222221875 0.7105208328125 0.19 0.7538541671875 0.2066666671875 0.75274305625 0.21777777812500002 0.7438541671875 0.21888888906249998 0.729409721875 0.23333333281250002 0.7282986109375 0.2266666671875 0.714965278125 0.23333333281250002 0.714965278125 0.23555555625000002 0.6082986109374999
0 0.2666666671875 0.5794097218750001 0.26444444375 0.5905208328125 0.2733333328125 0.5905208328125 0.3433333328125 0.5694097218749999 0.43555555625000003 0.52163194375 0.4233333328125 0.509409721875 0.3966666671875 0.509409721875 0.2988888890625 0.5227430562500001 0.2666666671875 0.5794097218750001
0 0.707777778125 0.5871875 0.66444444375 0.5994097218750001 0.67555555625 0.64163194375 0.6988888890625 0.65163194375 0.71 0.6760763890625 0.72555555625 0.6871875000000001 0.7666666671875 0.6882986109375 0.8211111109375 0.6738541671875 0.8333333328125001 0.6482986109375 0.7766666671875 0.644965278125 0.76555555625 0.6271875 0.7211111109375 0.604965278125 0.707777778125 0.5871875
0 0.82444444375 0.76163194375 0.8333333328125001 0.7371875 0.812222221875 0.7271875 0.8033333328125 0.7071875000000001 0.78444444375 0.7305208328125 0.78444444375 0.7505208328124999 0.82444444375 0.76163194375
0 0.51444444375 0.6694097218749999 0.527777778125 0.6760763890625 0.5388888890625 0.66274305625 0.5477777781250001 0.6605208328125001 0.55 0.6694097218749999 0.55444444375 0.6605208328125001 0.57444444375 0.6605208328125001 0.5766666671875 0.644965278125 0.6266666671875 0.62163194375 0.6244444437500001 0.60163194375 0.607777778125 0.6005208328125 0.5966666671875 0.609409721875 0.5833333328125 0.5982986109375 0.51444444375 0.5938541671875 0.427777778125 0.6160763890625 0.41333333281250006 0.639409721875 0.43444444375 0.6671875 0.48 0.694965278125 0.49444444374999996 0.6894097218749999 0.497777778125 0.6838541671875 0.4888888890625 0.679409721875 0.507777778125 0.6694097218749999 0.51 0.6760763890625 0.51444444375 0.6694097218749999
0 0.1533333328125 0.27274305625 0.14666666718750002 0.299409721875 0.1566666671875 0.31163194375000003 0.18555555625 0.32274305625 0.21555555625 0.32163194375000004 0.32999999999999996 0.3182986109375 0.3311111109375 0.2482986109375 0.36 0.23940972187499998 0.3233333328125 0.2360763890625 0.2033333328125 0.25163194375 0.1533333328125 0.27274305625
0 0.1766666671875 0.3671875 0.112222221875 0.38274305625 0.097777778125 0.399409721875 0.097777778125 0.42385416718749996 0.11000000000000001 0.4405208328125 0.1288888890625 0.4438541671875 0.21888888906249998 0.43163194374999997 0.20888888906249997 0.399409721875 0.222222221875 0.3905208328125 0.2033333328125 0.3782986109375 0.1788888890625 0.38496527812500003 0.1766666671875 0.3671875
0 0.3966666671875 0.36274305625 0.40555555625000006 0.3471875 0.3166666671875 0.344965278125 0.257777778125 0.354965278125 0.2766666671875 0.37385416718750003 0.35111111093749997 0.4060763890625 0.337777778125 0.39496527812500004 0.34888888906250004 0.3882986109375 0.337777778125 0.3838541671875 0.3788888890625 0.37385416718750003 0.37333333281250003 0.3638541671875 0.3966666671875 0.36274305625
0 0.3066666671875 0.3460763890625 0.40555555625000006 0.344965278125 0.40888888906250004 0.334965278125 0.4011111109375 0.3271875 0.2988888890625 0.3205208328125 0.29555555624999996 0.334965278125 0.3066666671875 0.3460763890625
0 0.357777778125 0.1705208328125 0.32999999999999996 0.1671875 0.322222221875 0.199409721875 0.3566666671875 0.2338541671875 0.3688888890625 0.234965278125 0.357777778125 0.1705208328125
0 0.23444444375 0.189409721875 0.23333333281250002 0.2038541671875 0.2488888890625 0.2060763890625 0.2533333328125 0.19274305625000002 0.23444444375 0.189409721875
0 0.18777777812500002 0.7671875 0.18222222187499998 0.78163194375 0.1933333328125 0.7882986109375001 0.19555555625 0.7682986109375001 0.18777777812500002 0.7671875
0 0.2511111109375 0.7238541671875 0.2388888890625 0.72274305625 0.2311111109375 0.73274305625 0.2288888890625 0.774965278125 0.24 0.78163194375 0.2311111109375 0.7838541671875 0.247777778125 0.7960763890625 0.2866666671875 0.80163194375 0.3288888890625 0.7905208328125 0.32 0.7282986109375 0.26777777812500003 0.7205208328125 0.2733333328125 0.73274305625 0.25444444375 0.7405208328125 0.2511111109375 0.7238541671875
0 0.0933333328125 0.7949652781250001 0.0988888890625 0.809409721875 0.1111111109375 0.8105208328125 0.112222221875 0.7938541671875 0.0933333328125 0.7949652781250001