0 0.3204633203125 0.45897683437500003 0.31081081093749996 0.44932432499999997 0.283783784375 0.44932432499999997 0.2760617765625 0.4416023171875 0.2741312734375 0.44353281874999995 0.2741312734375 0.4705598453125 0.2702702703125 0.47442085 0.2702702703125 0.4860038609375 0.2760617765625 0.4956563703125 0.28185328125 0.49372586875 0.29922780000000004 0.48407335937499996 0.30694980625 0.48407335937499996 0.3204633203125 0.4705598453125 0.3204633203125 0.45897683437500003
0 0.247104246875 0.41650579218750006 0.191119690625 0.3914092671875 0.1640926640625 0.3914092671875 0.121621621875 0.4145752890625 0.10617760624999999 0.4145752890625 0.10038609999999999 0.4203667953125 0.0984555984375 0.433880309375 0.0521235515625 0.44932432499999997 0.030888031249999996 0.48214285781250005 0.030888031249999996 0.497586871875 0.0366795359375 0.5072393828124999 0.0637065640625 0.5111003859375 0.075289575 0.51882239375 0.0945945953125 0.514961390625 0.20077219999999998 0.5168918921875 0.2393822390625 0.4705598453125 0.247104246875 0.4512548265625 0.24324324375 0.43194980625 0.247104246875 0.41650579218750006
0 0.2799227796875 0.3296332046875 0.277992278125 0.33542471093750004 0.2664092671875 0.347007721875 0.2664092671875 0.3547297296875 0.2741312734375 0.3547297296875 0.28957528906249996 0.34314671875 0.29343629375 0.33542471093750004 0.2915057921875 0.3296332046875 0.2799227796875 0.3296332046875
0 0.22586872656249998 0.534266409375 0.22007722031250002 0.54391891875 0.2297297296875 0.5535714281249999 0.2393822390625 0.5516409265625 0.247104246875 0.5477799234375 0.247104246875 0.5361969109375 0.23359073281249998 0.5304054046875 0.22586872656249998 0.534266409375
0 0.2297297296875 0.5728764484375 0.22007722031250002 0.5825289578125 0.22393822343749997 0.5863899609375001 0.22586872656249998 0.5960424703125 0.24324324375 0.5941119687499999 0.2509652515625 0.5863899609375001 0.2509652515625 0.5825289578125 0.24131274062500002 0.5728764484375 0.2297297296875 0.5728764484375
0 0.22586872656249998 0.684845559375 0.21621621562499999 0.69449806875 0.21621621562499999 0.7022200765625 0.222007721875 0.7080115828125 0.2393822390625 0.70608108125 0.24324324375 0.7022200765625 0.24324324375 0.690637065625 0.23745173749999998 0.684845559375 0.22586872656249998 0.684845559375
0 0.23745173749999998 0.8083976828124999 0.227799228125 0.8180501937500001 0.227799228125 0.8296332046874999 0.23359073281249998 0.8354247109375 0.247104246875 0.8334942078124999 0.2509652515625 0.8296332046874999 0.2509652515625 0.8141891890625 0.24517374531249997 0.8083976828124999 0.23745173749999998 0.8083976828124999
0 0.0637065640625 0.8083976828124999 0.06177606249999999 0.8180501937500001 0.06949806875 0.8296332046874999 0.06949806875 0.8450772203125 0.075289575 0.8508687265624999 0.08880308906249999 0.8489382234375 0.09652509687500001 0.841216215625 0.09652509687500001 0.8257722 0.0791505796875 0.8083976828124999 0.0637065640625 0.8083976828124999
0 0.0038610031250000004 0.7794401546875 0.007722007812499999 0.7948841703125 0.0231660234375 0.7948841703125 0.030888031249999996 0.7794401546875 0.025096524999999998 0.7736486484375 0.009652509375 0.7736486484375 0.0038610031250000004 0.7794401546875
0 0.07722007656249999 0.7022200765625 0.07722007656249999 0.7138030890625 0.0926640921875 0.7138030890625 0.09652509687500001 0.709942084375 0.09652509687500001 0.6983590734375 0.0830115828125 0.6964285718750001 0.07722007656249999 0.7022200765625
0 0 0.578667953125 0.007722007812499999 0.578667953125 0.01930501875 0.5709459453125 0.01930501875 0.5632239375 0.009652509375 0.5574324328125 0 0.5632239375 0 0.578667953125
0 0 0.6365830109374999 0.0038610031250000004 0.6365830109374999 0.0115830109375 0.628861003125 0.009652509375 0.61920849375 0 0.621138996875 0 0.6365830109374999
0 0.10038609999999999 0.5709459453125 0.10038609999999999 0.5825289578125 0.10617760624999999 0.5883204640625 0.1119691125 0.5863899609375001 0.11583011562500001 0.5825289578125 0.11583011562500001 0.5709459453125 0.11003860937500001 0.565154440625 0.10038609999999999 0.5709459453125
0 0.1389961390625 0.5361969109375 0.1447876453125 0.5419884171875 0.15057915 0.540057915625 0.1544401546875 0.5361969109375 0.1544401546875 0.528474903125 0.140926640625 0.5265444015625 0.1389961390625 0.5361969109375
0 0.191119690625 0.565154440625 0.18918918906249999 0.5748069499999999 0.1949806953125 0.58059845625 0.196911196875 0.578667953125 0.202702703125 0.5767374515625 0.2046332046875 0.5709459453125 0.1988416984375 0.565154440625 0.191119690625 0.565154440625
0 0.328185328125 0.5246139000000001 0.328185328125 0.5361969109375 0.333976834375 0.5419884171875 0.33976833906250004 0.540057915625 0.347490346875 0.5361969109375 0.347490346875 0.5246139000000001 0.3378378375 0.51882239375 0.328185328125 0.5246139000000001
0 0.29922780000000004 0.37982625468750003 0.3127413125 0.377895753125 0.3127413125 0.3740347484375 0.30694980625 0.36824324375 0.297297296875 0.37017374531249997 0.29922780000000004 0.37982625468750003
0 0.2915057921875 0.26399613906249997 0.28571428593750003 0.2697876453125 0.28571428593750003 0.2736486484375 0.2915057921875 0.2794401546875 0.308880309375 0.277509653125 0.3127413125 0.2697876453125 0.303088803125 0.260135134375 0.29922780000000004 0.26399613906249997 0.2915057921875 0.26399613906249997
0 0.3706563703125 0.28523166093749996 0.3706563703125 0.29295366718750004 0.38223938281250003 0.29295366718750004 0.38610038593749996 0.28523166093749996 0.3803088796875 0.2794401546875 0.3764478765625 0.2794401546875 0.3706563703125 0.28523166093749996
0 0.525096525 0.40106177656249997 0.525096525 0.4049227796875 0.5308880312500001 0.41071428593750003 0.54440154375 0.408783784375 0.54440154375 0.40106177656249997 0.5386100390624999 0.3952702703125 0.534749034375 0.3991312734375 0.525096525 0.40106177656249997
0 0.2297297296875 0.3759652515625 0.22586872656249998 0.372104246875 0.20656370625 0.372104246875 0.20077219999999998 0.377895753125 0.20077219999999998 0.38175675625 0.20656370625 0.3875482625 0.22586872656249998 0.3875482625 0.2297297296875 0.3914092671875 0.2355212359375 0.38947876406250004 0.24324324375 0.3856177609375 0.24324324375 0.38175675625 0.23745173749999998 0.3759652515625 0.2297297296875 0.3759652515625
0 0.166023165625 0.33156370625 0.171814671875 0.3373552125 0.17760617812499999 0.33542471093750004 0.18146718125 0.33156370625 0.18146718125 0.3238416984375 0.1679536671875 0.321911196875 0.166023165625 0.33156370625
0 0.1196911203125 0.3740347484375 0.1177606171875 0.3643822390625 0.10424710468750001 0.366312740625 0.10617760624999999 0.3759652515625 0.1196911203125 0.3740347484375
0 0.5772200765625 0.3334942078125 0.590733590625 0.33156370625 0.5888030890625 0.321911196875 0.58108108125 0.321911196875 0.575289575 0.327702703125 0.5772200765625 0.3334942078125
0 0.6370656375 0.33156370625 0.6370656375 0.33542471093750004 0.6428571421875 0.341216215625 0.6640926640625 0.33928571406249997 0.6679536671874999 0.33156370625 0.6621621625 0.32577219999999996 0.6428571421875 0.32577219999999996 0.6370656375 0.33156370625
0 0.6428571421875 0.5265444015625 0.6370656375 0.5323359078125 0.6370656375 0.5361969109375 0.646718146875 0.5458494203125 0.6602316609375001 0.54391891875 0.6640926640625 0.540057915625 0.6640926640625 0.5323359078125 0.6583011578125 0.5265444015625 0.6428571421875 0.5265444015625
0 0.503861003125 0.6385135140625 0.49420849375 0.6481660234375 0.49420849375 0.6520270265625 0.5 0.6578185328124999 0.5096525093750001 0.6558880312500001 0.5135135140625 0.6520270265625 0.5135135140625 0.64430501875 0.5077220078125 0.6385135140625 0.503861003125 0.6385135140625
0 0.5308880312500001 0.6539575296875 0.5366795359375 0.6520270265625 0.5366795359375 0.640444015625 0.5270270265625 0.6385135140625 0.525096525 0.6481660234375 0.5308880312500001 0.6539575296875
0 0.5637065640625 0.7176640921875 0.56949806875 0.7234555984375 0.575289575 0.721525096875 0.5791505796875 0.7176640921875 0.5791505796875 0.70608108125 0.565637065625 0.7041505796875 0.5637065640625 0.7176640921875
0 0.9111969109375 0.447393821875 0.9169884171874999 0.453185328125 0.924710425 0.4570463328125 0.9343629343750001 0.45511582968750003 0.9382239374999999 0.447393821875 0.9285714281249999 0.43774131250000003 0.9111969109375 0.43967181406250005 0.9111969109375 0.447393821875
0 0.9420849421874999 0.5207528953125 0.9420849421874999 0.5246139000000001 0.9478764484375001 0.5304054046875 0.953667953125 0.528474903125 0.9575289578125 0.5246139000000001 0.953667953125 0.5168918921875 0.9478764484375001 0.514961390625 0.9420849421874999 0.5207528953125
0 0.8532818531249999 0.408783784375 0.8513513515625 0.402992278125 0.8416988421875 0.4049227796875 0.84362934375 0.41071428593750003 0.8532818531249999 0.408783784375
0 0.8050193046875 0.3875482625 0.7992277999999999 0.39333976875 0.7992277999999999 0.397200771875 0.8050193046875 0.402992278125 0.8108108109375 0.40106177656249997 0.8166023171875001 0.3991312734375 0.81853281875 0.39333976875 0.8127413125 0.3875482625 0.8050193046875 0.3875482625
0 0.5888030890625 0.15974903437500002 0.5830115828125 0.165540540625 0.5830115828125 0.1732625484375 0.5888030890625 0.1790540546875 0.590733590625 0.17712355156249998 0.5984555984375 0.1732625484375 0.5984555984375 0.165540540625 0.5926640921875 0.15974903437500002 0.5888030890625 0.15974903437500002