0 0.35737704843749996 0.5275102453125 0.34754098437500003 0.5635758203125001 0.37213114687500004 0.611116803125 0.4131147546875 0.6160348359375 0.43278688593750003 0.59964139375 0.4360655734375 0.570133196875 0.41803278749999995 0.5455430328124999 0.39016393437499997 0.540625 0.3819672125 0.5127561468749999 0.35737704843749996 0.5275102453125
0 0.6524590156250001 0.419313525 0.6524590156250001 0.3865266390625 0.6360655734375 0.3635758203125 0.647540984375 0.352100409375 0.68032786875 0.3586577875 0.7245901640625 0.3012807375 0.7245901640625 0.2848872953125 0.7032786890625 0.30292008125000003 0.7 0.28980532812500004 0.6819672125 0.2947233609375 0.6754098359375 0.261936475 0.7016393437499999 0.24554303281249998 0.6934426234375 0.22423155781249998 0.6754098359375 0.232428278125 0.6754098359375 0.252100409375 0.6442622953125 0.29636270468750003 0.6229508203125 0.28160860625 0.6131147546875 0.24226434375 0.6262295078125 0.2225922125 0.670491803125 0.211116803125 0.6852459015625 0.193084015625 0.670491803125 0.15865778749999998 0.6442622953125 0.161936475 0.631147540625 0.1455430328125 0.6131147546875 0.16029713125 0.6163934421875 0.193084015625 0.6360655734375 0.1865266390625 0.6131147546875 0.232428278125 0.5868852453125 0.24226434375 0.6 0.219313525 0.591803278125 0.188165984375 0.5426229515625 0.26029713125 0.5262295078125 0.2471823765625 0.491803278125 0.26849385312499996 0.452459015625 0.3635758203125 0.4 0.39964139374999996 0.4 0.4160348359375 0.4426229515625 0.44226434374999996 0.42622950781249996 0.45865778749999997 0.42950819687499997 0.488165984375 0.450819671875 0.4963627046875 0.46393442656249995 0.47669057343750004 0.49016393437500005 0.4963627046875 0.509836065625 0.489805328125 0.511475409375 0.5373463109375 0.54098360625 0.5570184421875 0.5819672125 0.548821721875 0.6180327875 0.4963627046875 0.6672131140625 0.47669057343750004 0.7016393437499999 0.43898565625 0.7 0.4242315578125 0.6524590156250001 0.419313525
0 0.49836065625000003 0.619313525 0.5147540984375001 0.652100409375 0.5311475406249999 0.652100409375 0.54098360625 0.632428278125 0.527868853125 0.619313525 0.527868853125 0.5734118859375 0.5163934421875 0.5717725406249999 0.50163934375 0.5832479515625 0.49836065625000003 0.619313525
0 0.488524590625 0.629149590625 0.48032786875 0.6078381140625 0.44918032812500003 0.6160348359375 0.45573770468749997 0.64226434375 0.46885245937500003 0.6455430328125 0.488524590625 0.629149590625
0 0.46393442656249995 0.7061987703125 0.47213114687499996 0.6848872953125 0.421311475 0.6766905734375 0.4131147546875 0.7045594265624999 0.43934426249999997 0.711116803125 0.46393442656249995 0.7061987703125
0 0.49016393437500005 0.6865266390625 0.4819672125 0.7078381140625 0.50163934375 0.7143954921875 0.511475409375 0.6947233609375 0.49016393437500005 0.6865266390625
0 0.590163934375 0.6357069671875 0.591803278125 0.611116803125 0.5540983609375 0.6225922125000001 0.5573770484375 0.64226434375 0.5737704921875 0.648821721875 0.590163934375 0.6357069671875
0 0.3360655734375 0.391444671875 0.35737704843749996 0.409477459375 0.349180328125 0.4176741796875 0.3327868859375 0.4045594265625 0.321311475 0.4160348359375 0.321311475 0.452100409375 0.3344262296875 0.44226434374999996 0.321311475 0.5012807375 0.33770491874999997 0.5143954921875 0.31967213125 0.509477459375 0.3180327875 0.52095286875 0.3393442625 0.519313525 0.3426229515625 0.532428278125 0.368852459375 0.5225922125 0.4049180328125 0.5455430328124999 0.421311475 0.5258709015624999 0.42295082031250003 0.5439036890625 0.43278688593750003 0.5439036890625 0.4426229515625 0.5012807375 0.42622950781249996 0.4848872953125 0.42950819687499997 0.44226434374999996 0.3934426234375 0.41275614687499995 0.39672131093749996 0.3865266390625 0.3360655734375 0.391444671875
0 0.42950819687499997 0.3963627046875 0.421311475 0.37832991875 0.46229508125 0.3799692625 0.46229508125 0.291444671875 0.47868852500000003 0.271772540625 0.45901639375 0.2586577875 0.46229508125 0.2160348359375 0.43934426249999997 0.2160348359375 0.4655737703125 0.16029713125 0.4540983609375 0.1357069671875 0.42295082031250003 0.16029713125 0.41803278749999995 0.191444671875 0.388524590625 0.18160860625 0.35737704843749996 0.20292008125 0.3606557375 0.2258709015625 0.3934426234375 0.23898565624999998 0.38032786875 0.24226434375 0.3770491796875 0.291444671875 0.35081967187499996 0.31439549218749996 0.3770491796875 0.3340676234375 0.35081967187499996 0.393084015625 0.39016393437499997 0.41275614687499995 0.3655737703125 0.4176741796875 0.3672131140625 0.4357069671875 0.35081967187499996 0.44226434374999996 0.3606557375 0.47832991874999997 0.38360655781249997 0.47832991874999997 0.378688525 0.50292008125 0.3950819671875 0.4734118859375 0.40163934375 0.4963627046875 0.41803278749999995 0.4734118859375 0.421311475 0.4963627046875 0.44918032812500003 0.5012807375 0.45901639375 0.47177254062499996 0.4459016390625 0.468493853125 0.4459016390625 0.44226434374999996 0.41803278749999995 0.440625 0.3934426234375 0.4225922125 0.42950819687499997 0.3963627046875
0 0.6836065578125 0.22423155781249998 0.6754098359375 0.24554303281249998 0.6950819671875 0.2553790984375 0.7049180328125 0.229149590625 0.6836065578125 0.22423155781249998
0 0.8360655734375 0.1668545078125 0.8278688531249999 0.152100409375 0.7819672125 0.1652151640625 0.7672131140625 0.150461065625 0.7655737703125001 0.119313525 0.750819671875 0.12423155781249999 0.7475409843749999 0.1471823765625 0.7016393437499999 0.20619877031249997 0.709836065625 0.2176741796875 0.7262295078125 0.1947233609375 0.778688525 0.1980020484375 0.7803278687499999 0.2225922125 0.7475409843749999 0.2553790984375 0.7606557375 0.261936475 0.8049180328125001 0.22095286875000003 0.8622950812499999 0.19964139375 0.8540983609374999 0.18160860625 0.8295081968750001 0.193084015625 0.8196721312499999 0.1734118859375 0.8360655734375 0.1668545078125
0 0.53770491875 0.1176741796875 0.5065573765625 0.0865266390625 0.491803278125 0.1176741796875 0.5131147546875 0.1160348359375 0.527868853125 0.1373463109375 0.53770491875 0.1176741796875
0 0.608196721875 0.089805328125 0.6032786890625 0.12095286875 0.6327868859375 0.130788934375 0.6754098359375 0.0980020484375 0.608196721875 0.089805328125
0 0.8983606562500001 0.11111680312500001 0.9065573765625 0.0832479515625 0.8852459015624999 0.10783811406249999 0.8983606562500001 0.11111680312500001
0 0.8524590156249999 0.1340676234375 0.8672131140625 0.10292008125 0.8426229515625 0.1275102453125 0.8524590156249999 0.1340676234375
0 0.75901639375 0.6635758203125001 0.7754098359375 0.6799692625 0.7803278687499999 0.648821721875 0.80163934375 0.6439036890625001 0.808196721875 0.62095286875 0.8344262296875 0.6275102453125 0.8590163937499999 0.6094774593750001 0.8540983609374999 0.5980020484375 0.8655737703125 0.59964139375 0.8426229515625 0.5766905734375001 0.847540984375 0.568493853125 0.868852459375 0.5865266390625 0.849180328125 0.56029713125 0.868852459375 0.5537397546875 0.8655737703125 0.5176741796875 0.8229508203125 0.5012807375 0.8295081968750001 0.4848872953125 0.8032786890624999 0.47505122968749997 0.8213114750000001 0.4668545078125 0.7983606562500001 0.4668545078125 0.7852459015625 0.450461065625 0.7524590156250001 0.450461065625 0.7524590156250001 0.46357582031250005 0.7196721312500001 0.440625 0.7049180328125 0.4553790984375 0.7229508203125 0.46029713125000005 0.6836065578125 0.4570184421875 0.6770491796875 0.47996926249999994 0.621311475 0.4963627046875 0.590163934375 0.5275102453125 0.5852459015625 0.552100409375 0.5311475406249999 0.5668545078125 0.5360655734375 0.66029713125 0.5606557375000001 0.6586577874999999 0.550819671875 0.632428278125 0.56229508125 0.6143954921875 0.591803278125 0.611116803125 0.58032786875 0.652100409375 0.5967213109375 0.6455430328125 0.5868852453125 0.6586577874999999 0.6049180328125 0.6799692625 0.6180327875 0.6635758203125001 0.6344262296875 0.6832479515625 0.647540984375 0.6766905734375 0.6639344265625 0.6963627046875 0.6852459015625 0.6947233609375 0.7016393437499999 0.688165984375 0.6852459015625 0.68160860625 0.690163934375 0.6439036890625001 0.7229508203125 0.6898053281250001 0.7393442625 0.6898053281250001 0.75901639375 0.6635758203125001
0 0.6 0.7799692625 0.59836065625 0.7553790984375001 0.590163934375 0.7766905734375 0.6 0.7799692625
0 0.570491803125 0.8422643437499999 0.5868852453125 0.8357069671874999 0.5868852453125 0.8160348359375 0.572131146875 0.8176741796875 0.5688524593750001 0.8012807375 0.5606557375000001 0.8422643437499999 0.570491803125 0.8422643437499999
0 0.6327868859375 0.8160348359375 0.6409836062500001 0.840625 0.65901639375 0.83898565625 0.6540983609375 0.8176741796875 0.6327868859375 0.8160348359375
0 0.7032786890625 0.8373463109375001 0.6557377046874999 0.8455430328125001 0.6770491796875 0.8701331968750001 0.6836065578125 0.86029713125 0.708196721875 0.8684938531249999 0.7032786890625 0.8373463109375001
0 0.3180327875 0.5340676234374999 0.30491803281249996 0.5012807375 0.32786885312499997 0.4848872953125 0.3229508203125 0.4242315578125 0.3065573765625 0.440625 0.3065573765625 0.42751024531250004 0.2540983609375 0.42751024531250004 0.21803278750000002 0.4078381140625 0.2065573765625 0.409477459375 0.21147540937499998 0.42095286875 0.191803278125 0.42095286875 0.19508196718749998 0.4078381140625 0.1606557375 0.4357069671875 0.1442622953125 0.47832991874999997 0.150819671875 0.5176741796875 0.16393442656249999 0.52095286875 0.14754098437500002 0.5275102453125 0.1770491796875 0.550461065625 0.1819672125 0.57832991875 0.1852459015625 0.568493853125 0.2 0.5766905734375001 0.21803278750000002 0.5586577875 0.22459016406250001 0.568493853125 0.247540984375 0.5586577875 0.2770491796875 0.5652151640625 0.270491803125 0.552100409375 0.3180327875 0.5340676234374999
0 0.2065573765625 0.36029713124999996 0.208196721875 0.352100409375 0.190163934375 0.35373975468749996 0.2065573765625 0.36029713124999996
0 0.23442622968750002 0.3652151640625 0.23606557343749998 0.3865266390625 0.252459015625 0.389805328125 0.2557377046875 0.3766905734375 0.23442622968750002 0.3652151640625
0 0.3360655734375 0.391444671875 0.331147540625 0.4061987703125 0.35081967187499996 0.419313525 0.3606557375 0.40292008125 0.3360655734375 0.391444671875
0 0.3 0.2176741796875 0.35737704843749996 0.2225922125 0.370491803125 0.189805328125 0.35737704843749996 0.1766905734375 0.35737704843749996 0.1471823765625 0.290163934375 0.1455430328125 0.2754098359375 0.20292008125 0.3 0.2176741796875