0 0.6448717953124999 0.668830128125 0.675641025 0.699599359375 0.6961538468749999 0.666266025 0.7294871796875 0.6611378203125 0.7602564109375 0.638060896875 0.852564103125 0.643189103125 0.934615384375 0.6611378203125 0.9512820515625 0.6547275640625 0.778205128125 0.6175480765625 0.7576923078125 0.5893429484375 0.7141025640625001 0.566266025 0.7179487171875001 0.5265224359375 0.7358974359375 0.5085737171875 0.7358974359375 0.49575320468750006 0.7141025640625001 0.49190705156250003 0.6897435890625 0.4675480765625 0.7102564109375 0.4393429484375 0.6730769234375 0.4457532046875 0.6166666671875001 0.3739583328125 0.5576923078125 0.3893429484375 0.5115384609375 0.368830128125 0.45 0.381650640625 0.43205128281249994 0.40985576874999996 0.37820512812499996 0.39703525625 0.3448717953125 0.42011217968750003 0.32948717968749996 0.42011217968750003 0.3179487171875 0.3983173078125 0.3333333328125 0.3572916671875 0.30384615312499996 0.343189103125 0.26923076875 0.3572916671875 0.253846153125 0.42139423125000003 0.2128205125 0.4419070515625 0.2615384609375 0.4829326921875 0.24358974375 0.49575320468750006 0.24102564062499998 0.5111378203125 0.1602564109375 0.5611378203124999 0.10641025625 0.5637019234375 0.1115384609375 0.581650640625 0.0769230765625 0.5854967953125 0.1 0.5983173078124999 0.10512820468749999 0.6239583328125 0.09487179531249999 0.6342147437500001 0.1269230765625 0.6508814109375 0.2705128203125 0.6508814109375 0.3679487171875 0.6713942312500001 0.39358974375 0.6637019234375 0.39871794843749997 0.6739583328125 0.4102564109375 0.6726762828124999 0.4269230765625 0.7175480765625 0.49230769218750003 0.7265224359375 0.503846153125 0.712419871875 0.5320512828124999 0.7072916671875 0.5448717953125 0.6919070515625 0.5628205125 0.6919070515625 0.596153846875 0.668830128125 0.6448717953124999 0.668830128125
0 0.4102564109375 0.764983975 0.40512820468750005 0.744471153125 0.391025640625 0.738060896875 0.3769230765625 0.744471153125 0.3871794875 0.7778044875 0.4102564109375 0.764983975
0 0.615384615625 0.716266025 0.6115384609375 0.699599359375 0.6051282046875001 0.7111378203125 0.615384615625 0.716266025
0 0.597435896875 0.7290865390625 0.597435896875 0.7419070515625 0.6051282046875001 0.7419070515625 0.608974359375 0.7226762828125 0.597435896875 0.7290865390625
0 0.608974359375 0.743189103125 0.6051282046875001 0.7829326921875001 0.615384615625 0.7854967953124999 0.6230769234375 0.7598557687499999 0.608974359375 0.743189103125
0 0.7358974359375 0.364983975 0.7358974359375 0.32139423125 0.708974359375 0.3047275640625 0.69358974375 0.31241987187500003 0.6897435890625 0.3290865390625 0.7025641031250001 0.3572916671875 0.7358974359375 0.364983975
0 0.8730769234375 0.2534455125 0.85641025625 0.28806089687499997 0.8397435890624999 0.29959935937500004 0.8166666671874999 0.28934294843749997 0.79358974375 0.31241987187500003 0.7641025640625 0.316266025 0.7666666671875 0.33421474375 0.7564102562499999 0.3419070515625 0.7705128203125 0.343189103125 0.7769230765625 0.3572916671875 0.7615384609375 0.35985576875 0.7641025640625 0.3726762828125 0.7384615390625 0.393189103125 0.7435897437500001 0.4034455125 0.7333333328125 0.41883012812500003 0.7269230765625 0.41241987187499995 0.7128205125 0.4265224359375 0.7320512828125 0.43549679531249996 0.7397435890625 0.425240384375 0.7602564109375 0.43036858906250003 0.7858974359374999 0.414983975 0.7794871796875 0.431650640625 0.7948717953125 0.43677884687499996 0.8051282046875 0.431650640625 0.7897435890625 0.4137019234375 0.8115384609375 0.3919070515625 0.8923076921875 0.3726762828125 0.8910256406249999 0.2534455125 0.8730769234375 0.2534455125
0 0.2294871796875 0.4278044875 0.228205128125 0.416266025 0.2179487171875 0.41113782031249996 0.2166666671875 0.3919070515625 0.18846153906250002 0.386778846875 0.178205128125 0.368830128125 0.124358975 0.37139423125 0.1166666671875 0.3534455125 0.1012820515625 0.35088141093749997 0.09743589687500001 0.38036858906250004 0.1128205125 0.38549679531250003 0.09743589687500001 0.393189103125 0.0820512828125 0.45472756406250003 0.09743589687500001 0.5137019234375 0.10641025625 0.5278044875 0.12051282031249999 0.5290865390625 0.1141025640625 0.543189103125 0.171794871875 0.5470352562499999 0.2384615390625 0.506009615625 0.24615384687500003 0.48549679531249995 0.2384615390625 0.4675480765625 0.2128205125 0.4521634609375 0.2128205125 0.431650640625 0.2294871796875 0.4278044875
0 0.16794871718749999 0.2637019234375 0.1794871796875 0.24447115312499998 0.15769230781250002 0.2354967953125 0.1269230765625 0.2457532046875 0.121794871875 0.23036858906250002 0.0679487171875 0.2354967953125 0.048717948437500005 0.2521634609375 0.048717948437500005 0.264983975 0.07435897500000001 0.275240384375 0.091025640625 0.2637019234375 0.121794871875 0.266266025 0.1269230765625 0.2483173078125 0.152564103125 0.2508814109375 0.15769230781250002 0.2637019234375 0.16794871718749999 0.2637019234375
0 0.4487179484375 0.3239583328125 0.45512820468750004 0.3354967953125 0.46666666718750005 0.33421474375 0.47051282031249997 0.31498397499999997 0.4487179484375 0.3239583328125
0 0.43205128281249994 0.3201121796875 0.4205128203125 0.3393429484375 0.4384615390625 0.3419070515625 0.446153846875 0.3290865390625 0.43205128281249994 0.3201121796875
0 0.47820512812500005 0.186778846875 0.47179487187499997 0.20088141093749998 0.48974358906250004 0.20600961562500003 0.49230769218750003 0.190625 0.47820512812500005 0.186778846875
0 0.03076923125 0.606009615625 0.0230769234375 0.6239583328125 0.029487179687499997 0.643189103125 0.060256410937500005 0.6585737171875 0.0923076921875 0.6572916671875 0.10769230781250001 0.6393429484375 0.071794871875 0.631650640625 0.10512820468749999 0.62139423125 0.09358974375 0.594471153125 0.06282051250000001 0.5867788468749999 0.03076923125 0.606009615625