0 0.5774456515625 0.5034646734375 0.586956521875 0.49395380468749994 0.5896739125 0.3961277171875 0.6086956515625 0.4097146734375 0.61141304375 0.4803668484375 0.6345108703125 0.492595109375 0.6467391296875 0.40427989062499997 0.684782609375 0.3852581515625 0.6603260875 0.3716711953125 0.680706521875 0.367595109375 0.6970108703125 0.3784646734375 0.7228260875 0.43417119531250004 0.7309782609375 0.5673233703125 0.7404891296875 0.5877038046874999 0.756793478125 0.5877038046874999 0.7663043484375 0.57547554375 0.7690217390625 0.426019021875 0.7866847828125 0.40563858750000004 0.8165760875 0.40020380468749994 0.8423913046875 0.426019021875 0.8559782609375001 0.54014945625 0.8790760875 0.5496603265625 0.88858695625 0.5319972828124999 0.8831521734375001 0.43417119531250004 0.8913043484375001 0.412432065625 0.9184782609375001 0.39069293437499997 0.90625 0.367595109375 0.8777173906250001 0.35264945625 0.8913043484375001 0.3200407609375 0.854619565625 0.3132472828125 0.8355978265624999 0.3349864125 0.8315217390624999 0.314605978125 0.8192934781250001 0.31052989062499997 0.8070652171875 0.32547554375 0.8152173906250001 0.35264945625 0.7866847828125 0.35672554375 0.7826086953125 0.2928668484375 0.7595108703125 0.2779211953125 0.7513586953125 0.31052989062499997 0.71875 0.32139945625 0.6725543484375 0.3078125 0.65625 0.332269021875 0.618206521875 0.3404211953125 0.5991847828125 0.318682065625 0.582880434375 0.3540081515625 0.5366847828125 0.3540081515625 0.51766304375 0.332269021875 0.46875 0.3349864125 0.4470108703125 0.3485733703125 0.403532609375 0.3377038046875 0.395380434375 0.3512907609375 0.36548912968749997 0.3512907609375 0.350543478125 0.336345109375 0.346467390625 0.31052989062499997 0.3002717390625 0.32139945625 0.2513586953125 0.3023777171875 0.2241847828125 0.26705162968749996 0.194293478125 0.269769021875 0.1929347828125 0.2928668484375 0.225543478125 0.3336277171875 0.21603260937500002 0.3404211953125 0.158967390625 0.3241168484375 0.1154891296875 0.2915081515625 0.0815217390625 0.2493885875 0.0842391296875 0.18688858749999998 0.0638586953125 0.16922554375 0.0366847828125 0.16922554375 0.0271739125 0.189605978125 0.069293478125 0.32139945625 0.08016304375 0.3241168484375 0.10733695624999999 0.3023777171875 0.1263586953125 0.318682065625 0.2269021734375 0.35672554375 0.2826086953125 0.4015625 0.29891304375 0.45319293437499997 0.29891304375 0.5673233703125 0.3111413046875 0.5877038046874999 0.33016304375 0.5849864124999999 0.3396739125 0.5618885875 0.3451086953125 0.43145380468749994 0.3627717390625 0.40563858750000004 0.3940217390625 0.3961277171875 0.40489130468749995 0.6352581515625 0.417119565625 0.6502038046874999 0.4320652171875 0.6488451093750001 0.4456521734375 0.63797554375 0.4456521734375 0.4912364125 0.53125 0.394769021875 0.551630434375 0.40427989062499997 0.5570652171875 0.4912364125 0.5774456515625 0.5034646734375
0 0.17934782656249998 0.3825407609375 0.1752717390625 0.367595109375 0.163043478125 0.37438858750000004 0.17934782656249998 0.3825407609375
0 0.4415760875 0.283355978125 0.4375 0.301019021875 0.4646739125 0.314605978125 0.48097826093749996 0.29830162968749996 0.4415760875 0.283355978125
0 0.5163043484375 0.22221467343749998 0.524456521875 0.3037364125 0.573369565625 0.32547554375 0.5896739125 0.287432065625 0.5584239125 0.2752038046875 0.551630434375 0.301019021875 0.5543478265624999 0.22221467343749998 0.528532609375 0.2099864125 0.5163043484375 0.22221467343749998
0 0.645380434375 0.2507472828125 0.6331521734375001 0.2684103265625 0.6521739125 0.27927989062499997 0.6657608703125 0.26297554375 0.645380434375 0.2507472828125
0 0.926630434375 0.3200407609375 0.9225543484375001 0.305095109375 0.9048913046875 0.314605978125 0.9021739125 0.3309103265625 0.9130434781250001 0.336345109375 0.926630434375 0.3200407609375
0 0.9415760875 0.29422554375 0.9375 0.3064538046875 0.95108695625 0.31188858750000004 0.9538043484375001 0.29830162968749996 0.9415760875 0.29422554375
0 0.9701086953125 0.4015625 0.98641304375 0.37438858750000004 0.9279891296875 0.3648777171875 0.9456521734375001 0.43417119531250004 0.9673913046875 0.44504076093749995 0.9701086953125 0.4015625
0 0.5774456515625 0.1366168484375 0.573369565625 0.1515625 0.586956521875 0.1569972828125 0.5951086953125 0.1461277171875 0.5774456515625 0.1366168484375
0 0.479619565625 0.2127038046875 0.475543478125 0.224932065625 0.489130434375 0.23036684843750002 0.4945652171875 0.21677989062499997 0.479619565625 0.2127038046875
0 0.22826087031250003 0.1515625 0.2350543484375 0.16922554375 0.25 0.1678668484375 0.2486413046875 0.1474864125 0.22826087031250003 0.1515625