0 0.355078125 0.3625 0.362890625 0.37734375 0.378515625 0.3734375 0.38203125 0.369921875 0.384375 0.359765625 0.38046875 0.320703125 0.38359375 0.301953125 0.393359375 0.2765625 0.398046875 0.27578125 0.404296875 0.2796875 0.43671875 0.312890625 0.43671875 0.320703125 0.433984375 0.3234375 0.412109375 0.33359375 0.407421875 0.34140625 0.435546875 0.340625 0.466015625 0.32734375 0.472265625 0.31875 0.4828125 0.314453125 0.484375 0.293359375 0.490625 0.285546875 0.483203125 0.253125 0.478125 0.255859375 0.47578125 0.266015625 0.47421875 0.307421875 0.467578125 0.31484375 0.459765625 0.31484375 0.45546875 0.310546875 0.448046875 0.21875 0.4359375 0.219140625 0.439453125 0.29375 0.419140625 0.2734375 0.39296875 0.259765625 0.39296875 0.251953125 0.40390625 0.219140625 0.39296875 0.219921875 0.38203125 0.253515625 0.36875 0.263671875 0.36640625 0.269921875 0.36796875 0.342578125 0.365234375 0.34765625 0.341796875 0.34453125 0.33203125 0.350390625 0.32265625 0.371484375 0.31875 0.391796875 0.32265625 0.395703125 0.33203125 0.387890625 0.33359375 0.376171875 0.345703125 0.36171875 0.355078125 0.3625
0 1 0.438671875 0.97890625 0.416796875 0.96953125 0.391796875 0.958984375 0.38046875 0.917578125 0.35859375 0.9 0.333984375 0.865234375 0.29921875 0.821484375 0.278125 0.764453125 0.265625 0.687109375 0.259375 0.662890625 0.2609375 0.648046875 0.26953125 0.6421875 0.276171875 0.64296875 0.285546875 0.673828125 0.30703125 0.6828125 0.318359375 0.676171875 0.3234375 0.667578125 0.3234375 0.644921875 0.33203125 0.64296875 0.337109375 0.646484375 0.3421875 0.681640625 0.36171875 0.726171875 0.38125 0.838671875 0.40546875 0.855078125 0.41171875 0.86171875 0.422265625 0.86171875 0.440234375 0.85859375 0.445703125 0.8609375 0.458984375 0.85859375 0.462109375 0.8625 0.470703125 0.85859375 0.483203125 0.85859375 0.503515625 0.8546875 0.508984375 0.8578125 0.548828125 0.85546875 0.563671875 0.847265625 0.56875 0.784765625 0.58125 0.780078125 0.57890625 0.765234375 0.58515625 0.753515625 0.59921875 0.7453125 0.599609375 0.7453125 0.612890625 0.764453125 0.61796875 0.812890625 0.621875 0.819921875 0.625 0.89921875 0.626171875 0.976953125 0.6140625 1 0.599609375 1 0.438671875
0 0.294140625 0.34921875 0.29453125 0.344921875 0.281640625 0.3421875 0.27890625 0.327734375 0.275390625 0.32578125 0.28046875 0.359765625 0.2875 0.362109375 0.28984375 0.360546875 0.2890625 0.348046875 0.291015625 0.34609375 0.294140625 0.34921875
0 0.337890625 0.35859375 0.325 0.362109375 0.321875 0.371484375 0.3234375 0.383984375 0.31640625 0.387109375 0.31875 0.390234375 0.3171875 0.395703125 0.321875 0.395703125 0.33125 0.387890625 0.33125 0.370703125 0.3390625 0.360546875 0.337890625 0.35859375
0 0.365234375 0.3390625 0.3578125 0.348046875 0.359375 0.357421875 0.353125 0.360546875 0.3625 0.364453125 0.3640625 0.368359375 0.3609375 0.376171875 0.365625 0.376953125 0.371875 0.372265625 0.37265625 0.364453125 0.36953125 0.344140625 0.365234375 0.3390625
0 0.38359375 0.230859375 0.38515625 0.242578125 0.37890625 0.246484375 0.3796875 0.255859375 0.374609375 0.2609375 0.364453125 0.26015625 0.36328125 0.262890625 0.369140625 0.265625 0.377734375 0.2625 0.38203125 0.258203125 0.38125 0.250390625 0.388671875 0.2484375 0.3921875 0.258203125 0.390625 0.270703125 0.39296875 0.272265625 0.39296875 0.254296875 0.3984375 0.232421875 0.387109375 0.228125 0.38359375 0.230859375
0 0.312109375 0.29609375 0.31171875 0.308984375 0.319140625 0.31171875 0.326171875 0.3109375 0.33125 0.305859375 0.328125 0.301953125 0.337109375 0.2984375 0.33984375 0.305859375 0.346484375 0.3078125 0.35546875 0.287109375 0.35546875 0.283203125 0.348828125 0.278125 0.341015625 0.28046875 0.326953125 0.27734375 0.31796875 0.281640625 0.32421875 0.286328125 0.31328125 0.294921875 0.31484375 0.277734375 0.31171875 0.273046875 0.3125 0.261328125 0.309765625 0.25546875 0.30546875 0.255859375 0.31015625 0.249609375 0.300390625 0.2453125 0.2890625 0.244921875 0.2875 0.234765625 0.29609375 0.230859375 0.294921875 0.21875 0.26015625 0.219140625 0.26953125 0.238671875 0.26640625 0.242578125 0.2703125 0.251953125 0.26875 0.291796875 0.271875 0.308984375 0.2765625 0.312109375 0.28125 0.305859375 0.2734375 0.298046875 0.281640625 0.2953125 0.312109375 0.29609375
0 0.5296875 0.717578125 0.534375 0.723828125 0.5453125 0.712109375 0.541796875 0.70625 0.535546875 0.70859375 0.5296875 0.717578125
0 0.5625 0.685546875 0.559375 0.694140625 0.563671875 0.70078125 0.56953125 0.702734375 0.575 0.689453125 0.573046875 0.684375 0.567578125 0.6828125 0.5625 0.685546875
0 0.491015625 0.76640625 0.486328125 0.765625 0.4765625 0.770703125 0.474609375 0.78125 0.490625 0.78125 0.49375 0.773046875 0.491015625 0.76640625
0 0.540625 0.748828125 0.548828125 0.76328125 0.5625 0.763671875 0.56953125 0.760546875 0.566796875 0.7546875 0.546484375 0.74765625 0.540625 0.748828125