0 0.571875 0.6567708328124999 0.5927083328125 0.6692708328125 0.609375 0.6651041671875 0.63125 0.6453125 0.63125 0.6265625 0.6166666671875001 0.6078125 0.6354166671875 0.5890625 0.6333333328124999 0.5765625 0.6479166671875001 0.5598958328125 0.6416666671875 0.5515625 0.6458333328125 0.5411458328125 0.6364583328125 0.5401041671875 0.6145833328125 0.5119791671875 0.6427083328125 0.5171875 0.65 0.4994791671875 0.634375 0.48802083281249997 0.615625 0.49635416718750003 0.6083333328125 0.4640625 0.5760416671875 0.4609375 0.5458333328125 0.4348958328125 0.5458333328125 0.41822916718750003 0.5364583328125 0.4088541671875 0.5114583328125 0.4296875 0.49375 0.4244791671875 0.49583333281249997 0.41197916718750005 0.484375 0.3963541671875 0.471875 0.3984375 0.46875 0.4140625 0.4458333328125 0.4265625 0.4458333328125 0.45989583281249996 0.3854166671875 0.49322916718750004 0.39791666718749996 0.5078125 0.35208333281250004 0.5619791671875001 0.3541666671875 0.5953125 0.3854166671875 0.5973958328125 0.36666666718749996 0.6223958328125 0.36875 0.6328125 0.384375 0.6380208328125 0.396875 0.6296875 0.428125 0.6505208328125 0.44166666718750003 0.6723958328124999 0.45104166718750005 0.6505208328125 0.4760416671875 0.6421875 0.490625 0.6546875 0.509375 0.6505208328125 0.5552083328124999 0.6671875 0.571875 0.6567708328124999
0 0.36875 0.6557291671875001 0.3739583328125 0.6651041671875 0.38333333281250004 0.6640625 0.38229166718749996 0.6505208328125 0.36875 0.6557291671875001
0 0.40729166718750004 0.6546875 0.3958333328125 0.6640625 0.40625 0.6703125 0.4125 0.6661458328125 0.40729166718750004 0.6546875
0 0.3260416671875 0.5734375 0.3229166671875 0.5828125 0.3375 0.5869791671875 0.3416666671875 0.5744791671875 0.3260416671875 0.5734375
0 0.35208333281250004 0.4640625 0.3572916671875 0.47552083281249996 0.36666666718749996 0.47447916718750005 0.365625 0.4609375 0.35208333281250004 0.4640625
0 0.6708333328125 0.5119791671875 0.6760416671875 0.5192708328125 0.6895833328125 0.5182291671875 0.690625 0.5046875 0.6708333328125 0.5119791671875
0 0.678125 0.5380208328125 0.66875 0.5473958328124999 0.675 0.5494791671875 0.6875 0.5432291671875 0.678125 0.5380208328125
0 0.6583333328125 0.5994791671875 0.659375 0.6088541671875001 0.6729166671875 0.6098958328124999 0.6739583328125 0.5942708328124999 0.6583333328125 0.5994791671875
0 0.55 0.7015625 0.5552083328124999 0.7151041671875 0.56875 0.7140625 0.5677083328125 0.6942708328125 0.55 0.7015625
0 0.45208333281249996 0.7307291671875 0.45104166718750005 0.7171875 0.44375 0.7265625 0.45208333281249996 0.7307291671875
0 0.4458333328125 0.6890625 0.440625 0.6776041671875 0.43541666718750005 0.6869791671875001 0.4458333328125 0.6890625
0 0.26875 0.6473958328125 0.2635416671875 0.6380208328125 0.2604166671875 0.6453125 0.26875 0.6473958328125
0 0.2979166671875 0.6057291671875 0.2989583328125 0.6171875 0.3145833328125 0.6182291671875 0.315625 0.6046875 0.2979166671875 0.6057291671875
0 0.2677083328125 0.28177083281250004 0.2666666671875 0.3098958328125 0.2958333328125 0.31197916718749996 0.2979166671875 0.2828125 0.2677083328125 0.28177083281250004
0 0.21770833281250002 0.3046875 0.2125 0.3140625 0.22291666718749997 0.3244791671875 0.23125 0.3098958328125 0.21770833281250002 0.3046875
0 0.221875 0.4234375 0.2166666671875 0.43072916718750004 0.225 0.4369791671875 0.23125 0.4328125 0.221875 0.4234375
0 0.5635416671875 0.2609375 0.5604166671875 0.2723958328125 0.5666666671875 0.2744791671875 0.5708333328124999 0.26614583281250004 0.5635416671875 0.2609375
0 0.40520833281249996 0.3192708328125 0.40416666718750005 0.32864583281250004 0.41041666718750003 0.32864583281250004 0.4145833328125 0.3223958328125 0.40520833281249996 0.3192708328125
0 0.7885416671875001 0.4421875 0.7854166671875 0.45989583281249996 0.7979166671875 0.46197916718750004 0.8 0.4453125 0.7885416671875001 0.4421875
0 0.71875 0.6286458328125 0.7177083328125 0.6213541671875 0.7083333328125 0.6244791671875001 0.71875 0.6286458328125
0 0.6708333328125 0.6661458328125 0.6729166671875 0.6598958328125 0.665625 0.6588541671875 0.6708333328125 0.6661458328125