0 0.50220264375 0.48844300625 0.50220264375 0.501658865625 0.511013215625 0.503861509375 0.5286343609374999 0.46421393125000004 0.5187224671874999 0.4498967515625 0.5033039640625 0.44769410781249996 0.4933920703125 0.453200715625 0.48898678437500004 0.475227146875 0.50220264375 0.48844300625
0 0.42511013281250004 0.4113504953125 0.427312775 0.4267689984375 0.44493392031249995 0.43117428437500005 0.466960353125 0.4113504953125 0.4713656390625 0.38271613437499996 0.46365638750000004 0.3750068828125 0.454845815625 0.3750068828125 0.44713656406249996 0.39593199375 0.42511013281250004 0.4113504953125
0 0.3843612328125 0.33756195 0.426211453125 0.33756195 0.4361233484375 0.3452712 0.440528634375 0.336460628125 0.42511013281250004 0.32765005468749997 0.4151982375 0.2957117296875 0.39096916249999997 0.29350908593749997 0.378854625 0.3034209796875 0.3843612328125 0.33756195
0 0.48898678437500004 0.406945209375 0.513215859375 0.41575578125 0.5286343609374999 0.404742565625 0.5352422906250001 0.3739055609375 0.523127753125 0.3507778078125 0.5033039640625 0.35518309531250003 0.48678414062500003 0.38271613437499996 0.48898678437500004 0.406945209375
0 0.47246696093749996 0.562231553125 0.45374449375000003 0.5765487328125001 0.4559471359375 0.611791025 0.47026431718749995 0.6261082046875 0.49118942656250003 0.6294121703125 0.5198237890625 0.6161963109374999 0.5176211453125 0.574346090625 0.5264317187499999 0.5655355171875 0.5187224671874999 0.5600289093749999 0.5121145375 0.5688394828125001 0.47246696093749996 0.562231553125
0 0.3766519828125 0.4598086453125 0.3722466953125 0.475227146875 0.3832599125 0.5214826546875 0.3997797359375 0.535799834375 0.41629955937499996 0.5346985125 0.44162995625 0.5203813328125 0.4559471359375 0.49725357968750006 0.45374449375000003 0.46641657500000006 0.428414096875 0.44328882187499996 0.39317180625 0.44769410781249996 0.3766519828125 0.4598086453125
0 0.030837004687500003 0.43778221406249995 0.0539647578125 0.467517896875 0.0881057265625 0.46861921874999996 0.1167400875 0.4465927859375 0.1167400875 0.404742565625 0.08700440468750001 0.38161481249999996 0.0627753296875 0.38161481249999996 0.035242290625 0.40253992343749995 0.030837004687500003 0.43778221406249995
0 0.13105726875 0.4014386015625 0.1255506609375 0.41795842499999997 0.1409691625 0.4245663546875 0.1497797359375 0.406945209375 0.13105726875 0.4014386015625
0 0.1596916296875 0.4609099671875 0.154185021875 0.4840377203125 0.1740088109375 0.48844300625 0.178414096875 0.46641657500000006 0.1596916296875 0.4609099671875
0 0.1464757703125 0.586460628125 0.14317180625 0.596372521875 0.154185021875 0.598575165625 0.1585903078125 0.5897645921875 0.1464757703125 0.586460628125
0 0.15528634375 0.64593199375 0.15198237812499998 0.65804653125 0.16299559531250002 0.6602491734375 0.1651982375 0.6492359578125 0.15528634375 0.64593199375
0 0.23898678437499998 0.6217029187499999 0.2334801765625 0.6316148125 0.24669603593749997 0.6382227421875 0.251101321875 0.6250068828125 0.23898678437499998 0.6217029187499999
0 0.335903084375 0.59747384375 0.3281938328125 0.611791025 0.345814978125 0.620601596875 0.35242290781249996 0.6073857375 0.335903084375 0.59747384375
0 0.35903083750000003 0.669059746875 0.3766519828125 0.644830671875 0.355726871875 0.6239055609374999 0.330396475 0.647033315625 0.330396475 0.65804653125 0.3403083703125 0.6679584249999999 0.35903083750000003 0.669059746875
0 0.2819383265625 0.6888835359375001 0.29845815 0.7098086453125 0.3149779734375 0.7109099671875 0.330396475 0.70209939375 0.3370044046875 0.6800729624999999 0.322687225 0.659147853125 0.3050660796875 0.656945209375 0.2819383265625 0.6734650328125 0.2819383265625 0.6888835359375001
0 0.24559471406250002 0.7009980734375 0.2422907484375 0.7109099671875 0.2577092515625 0.715315253125 0.25991189375 0.7043020375 0.24559471406250002 0.7009980734375
0 0.1872246703125 0.7527601875000001 0.190528634375 0.7670773671875 0.20704845781249998 0.765976046875 0.20154185 0.7472535796875001 0.1872246703125 0.7527601875000001
0 0.35682819375 0.715315253125 0.371145375 0.727429790625 0.392070484375 0.7285311125 0.40969162968750006 0.713112609375 0.41189427343749996 0.6910861781250001 0.39537445 0.6745663546875 0.371145375 0.6745663546875 0.35462555 0.6910861781250001 0.35682819375 0.715315253125
0 0.3138766515625 0.7318350765625 0.3105726875 0.7527601875000001 0.3281938328125 0.7549628296875001 0.330396475 0.7351390421875 0.3138766515625 0.7318350765625
0 0.42290748906250003 0.7527601875000001 0.4107929515625 0.7450509359375 0.39317180625 0.7472535796875001 0.378854625 0.761570759375 0.42511013281250004 0.765976046875 0.42290748906250003 0.7527601875000001
0 0.4482378859375 0.6679584249999999 0.442731278125 0.6778703187499999 0.45814977968750004 0.7043020375 0.45814977968750004 0.6756676765625 0.4482378859375 0.6679584249999999
0 0.53854625625 0.681174284375 0.533039646875 0.6910861781250001 0.5418502203125 0.693288821875 0.54625550625 0.6866808921875001 0.53854625625 0.681174284375
0 0.5165198234374999 0.7009980734375 0.511013215625 0.7109099671875 0.524229075 0.7197205390625 0.5308370046875 0.7043020375 0.5165198234374999 0.7009980734375
0 0.664096915625 0.6833769265625 0.6541850218749999 0.70209939375 0.6696035250000001 0.7087073234375 0.678414096875 0.6888835359375001 0.664096915625 0.6833769265625
0 0.7125550656249999 0.725227146875 0.7026431718749999 0.7439496140624999 0.7202643171875 0.7505575437500001 0.729074890625 0.737341684375 0.7125550656249999 0.725227146875
0 0.6674008812500001 0.765976046875 0.6618942734375 0.753861509375 0.6475770921875 0.761570759375 0.6674008812500001 0.765976046875
0 0.738986784375 0.6701610687499999 0.7334801765625001 0.6844782484375 0.748898678125 0.6888835359375001 0.7533039640625 0.6756676765625 0.738986784375 0.6701610687499999
0 0.6993392078125 0.6679584249999999 0.7103524234374999 0.656945209375 0.7202643171875 0.666857103125 0.726872246875 0.65804653125 0.7213656390625001 0.64372935 0.6949339203125 0.6305134906250001 0.680616740625 0.6404253859375 0.690528634375 0.66575578125 0.6993392078125 0.6679584249999999
0 0.8744493390624999 0.7483549015625 0.8645374453124999 0.74064565 0.8513215859375001 0.7450509359375 0.8502202640625001 0.763773403125 0.8700440531250001 0.765976046875 0.8744493390624999 0.7483549015625
0 0.9229074890625 0.7571654734375 0.9229074890625 0.772583975 0.9118942734375001 0.7835971921875 0.919603525 0.8067249453124999 0.9933920703125001 0.8078262671875001 1 0.8056236234374999 0.998898678125 0.7582667953125 0.979074890625 0.7626720812500001 0.9614537437499999 0.74064565 0.9416299562500001 0.74064565 0.9229074890625 0.7571654734375
0 0.9702643171875 0.6877822140625 0.9669603531250001 0.70650468125 0.986784140625 0.7109099671875 0.9911894265625 0.693288821875 0.9702643171875 0.6877822140625
0 1 0.7241258265625 0.9922907484374999 0.71861921875 0.9724669609375001 0.7208218609375 0.962555065625 0.737341684375 0.9669603531250001 0.7527601875000001 0.9845814984375 0.761570759375 1 0.7549628296875001 1 0.7241258265625
0 0.9735682812500001 0.6007778078125 0.9658590312499999 0.5908659140625 0.952643171875 0.5908659140625 0.9449339203125 0.611791025 0.9647577093749999 0.620601596875 0.9735682812500001 0.6007778078125
0 0.8876651984375 0.6382227421875 0.9063876656250001 0.6525399234375 0.918502203125 0.6514386015625 0.938325990625 0.63381745625 0.9317180609375001 0.6073857375 0.919603525 0.5996764875 0.882158590625 0.6018791296875 0.8766519828125 0.6161963109374999 0.8876651984375 0.6382227421875
0 0.7896475765625001 0.5534209796875 0.78414096875 0.5677381609375 0.7951541843750001 0.5699408046875 0.799559471875 0.5589275875 0.7896475765625001 0.5534209796875
0 0.8006607921875 0.5798526984375 0.7951541843750001 0.596372521875 0.8127753296875 0.6029804515625 0.8193832593750001 0.58535930625 0.8006607921875 0.5798526984375
0 0.8039647578125001 0.5523196578125 0.8160792953125 0.5776500546875 0.8325991187499999 0.5787513765625001 0.8524229078125 0.5655355171875 0.85682819375 0.5523196578125 0.8469163 0.5313945484375 0.8248898671875 0.52478661875 0.8061674015625 0.5391038 0.8039647578125001 0.5523196578125
0 0.7544052859375 0.5996764875 0.7422907484375 0.6051830953125 0.751101321875 0.6161963109374999 0.7577092515625 0.611791025 0.7544052859375 0.5996764875
0 0.71145374375 0.5302932265625 0.690528634375 0.52478661875 0.6850220265625 0.5413064421875 0.692731278125 0.5512183375 0.7048458156249999 0.5501170156249999 0.71145374375 0.5302932265625
0 0.6376651984375 0.5930685578125 0.656387665625 0.5919672359375 0.677312775 0.5666368390625001 0.6894273125 0.5655355171875 0.6574889875000001 0.5446104078125 0.6354625546875 0.5446104078125 0.621145375 0.5765487328125001 0.6376651984375 0.5930685578125
0 0.54625550625 0.5655355171875 0.5644273125 0.5813218609375 0.5770925109375 0.572143446875 0.6013215859375001 0.5589275875 0.617658590625 0.5473637109375 0.6035242296875001 0.5391038 0.549559471875 0.535799834375 0.5418502203125 0.5435090859375 0.54625550625 0.5655355171875
0 0.8182819390624999 0.4697205390625 0.8127753296875 0.4840377203125 0.8281938328124999 0.4862403640625 0.8281938328124999 0.4708218609375 0.8182819390624999 0.4697205390625
0 0.8270925109375 0.44549146406249995 0.8259911890625 0.4598086453125 0.8370044046875 0.4598086453125 0.8414096921875001 0.4509980734375 0.8270925109375 0.44549146406249995
0 0.9107929515625001 0.3882227421875 0.9052863437499999 0.40253992343749995 0.9162995593750001 0.406945209375 0.9229074890625 0.39372935 0.9107929515625001 0.3882227421875
0 0.9041850218749999 0.31113023125 0.8964757703125 0.32544741250000003 0.9118942734375001 0.3320553421875 0.918502203125 0.3166368390625 0.9041850218749999 0.31113023125
0 0.901982378125 0.33756195 0.8964757703125 0.3518791296875 0.9118942734375001 0.358487059375 0.918502203125 0.3408659140625 0.901982378125 0.33756195
0 0.8039647578125001 0.4113504953125 0.8061674015625 0.40253992343749995 0.79845815 0.4014386015625 0.8039647578125001 0.4113504953125
0 0.7896475765625001 0.4300729625 0.7863436125 0.4421875 0.7973568281250001 0.44439014375 0.799559471875 0.43337692656250004 0.7896475765625001 0.4300729625
0 0.7819383265625001 0.34747384375 0.783039646875 0.3419672359375 0.7687224671874999 0.3430685578125 0.7819383265625001 0.34747384375
0 0.598017621875 0.4344782484375 0.59471365625 0.4509980734375 0.6123348015625 0.4576060015625 0.621145375 0.4840377203125 0.6497797359375 0.49505093593750005 0.6828193828125 0.4708218609375 0.680616740625 0.43998485625 0.6574889875000001 0.42566767656250004 0.6266519828125 0.43227560625 0.620044053125 0.44108617812500006 0.598017621875 0.4344782484375
0 0.6332599125 0.397033315625 0.6497797359375 0.3981346359375 0.6607929515625 0.38932406406250003 0.6629955953125 0.37170291875 0.642070484375 0.35738573749999997 0.6233480171875 0.37170291875 0.6233480171875 0.38491877812499997 0.6332599125 0.397033315625
0 0.5914096921875001 0.3397645921875 0.583700440625 0.3540817734375 0.5969163 0.358487059375 0.6013215859375001 0.3452712 0.5914096921875001 0.3397645921875
0 0.54845815 0.26817868906250003 0.5539647578125 0.2846985125 0.5682819390625 0.2835971921875 0.5671806171875 0.26267208124999997 0.54845815 0.26817868906250003
0 0.7577092515625 0.24394961406250001 0.7566079296875 0.2340377203125 0.7466960359375 0.23734168437499997 0.7577092515625 0.24394961406250001
0 0.7808370046875 0.2076060015625 0.7687224671874999 0.22192318281249998 0.7819383265625001 0.2329363984375 0.7929515421875 0.217517896875 0.7808370046875 0.2076060015625
0 0.5605726875 0.20980864531250001 0.5550660796875 0.21972053906250003 0.5660792953125 0.22632846875 0.572687225 0.215315253125 0.5605726875 0.20980864531250001
0 0.392070484375 0.23954432812499998 0.40528634375 0.241746971875 0.41409691562499995 0.2329363984375 0.40969162968750006 0.21972053906250003 0.38876652031250003 0.21861921875 0.3854625546875 0.2241258265625 0.39647577031250003 0.22853111250000002 0.392070484375 0.23954432812499998
0 0.323788546875 0.23073375624999998 0.3050660796875 0.21861921875 0.29515418437499996 0.22632846875 0.299559471875 0.24394961406250001 0.3149779734375 0.2461522578125 0.323788546875 0.23073375624999998
0 0.19162995625 0.3056236234375 0.1894273125 0.288002478125 0.17951541875000002 0.2802932265625 0.14537445 0.288002478125 0.1486784140625 0.30011701562500004 0.168502203125 0.2957117296875 0.19162995625 0.3056236234375
0 0.1464757703125 0.22082186093749998 0.1409691625 0.2351390421875 0.154185021875 0.23954432812499998 0.1607929515625 0.22632846875 0.1464757703125 0.22082186093749998
0 0.0198237890625 0.32544741250000003 0.0187224671875 0.3155355171875 0.0088105734375 0.31883948281249996 0.0198237890625 0.32544741250000003
0 0.3381057265625 0.344169878125 0.330396475 0.360689703125 0.345814978125 0.36509498906250004 0.35242290781249996 0.3518791296875 0.3381057265625 0.344169878125
0 0.33370044062500004 0.463112609375 0.3281938328125 0.477429790625 0.3414096921875 0.4818350765625 0.348017621875 0.46861921874999996 0.33370044062500004 0.463112609375
0 0.26321585937499997 0.4719231828125 0.2577092515625 0.479632434375 0.26872246718750004 0.4840377203125 0.27753303906250004 0.475227146875 0.26321585937499997 0.4719231828125
0 0.04625550625 0.5919672359375 0.055066079687500005 0.5831566625 0.047356828125 0.5688394828125001 0.0154185015625 0.5633328750000001 0.0088105734375 0.5765487328125001 0.01431718125 0.586460628125 0.04625550625 0.5919672359375