0 0 0.251953125 0.012109375 0.265625 0.026171875 0.271875 0.083984375 0.3171875 0.105078125 0.32578125 0.123046875 0.34140625 0.146484375 0.34921875 0.156640625 0.3609375 0.174609375 0.3703125 0.17734375 0.383984375 0.1703125 0.395703125 0.171484375 0.40390625 0.181640625 0.40625 0.191015625 0.3984375 0.196484375 0.39765625 0.20546875 0.404296875 0.212890625 0.41640625 0.235546875 0.4265625 0.266796875 0.45078125 0.289453125 0.4640625 0.30703125 0.464453125 0.3140625 0.459765625 0.31640625 0.453515625 0.30546875 0.436328125 0.30390625 0.425390625 0.276171875 0.40703125 0.26328125 0.389453125 0.252734375 0.3828125 0.235546875 0.3640625 0.201171875 0.35546875 0.167578125 0.3390625 0.154296875 0.32578125 0.073046875 0.28359375 0.031640625 0.2578125 0 0.244140625 0 0.251953125
0 0.316015625 0.6625 0.30546875 0.646484375 0.294921875 0.6390625 0.29296875 0.644140625 0.2984375 0.656640625 0.30078125 0.686328125 0.306640625 0.69375 0.31328125 0.694140625 0.344921875 0.68203125 0.34609375 0.675390625 0.341015625 0.6703125 0.316015625 0.6625
0 0.069921875 0.6796875 0.0625 0.685546875 0.0625 0.698046875 0.06640625 0.711328125 0.0671875 0.733203125 0.070703125 0.7375 0.07421875 0.737109375 0.08359375 0.727734375 0.09140625 0.699609375 0.083203125 0.68203125 0.069921875 0.6796875
0 0.128515625 0.6265625 0.070703125 0.62734375 0.0625 0.633984375 0.0625 0.638671875 0.066796875 0.64296875 0.10703125 0.649609375 0.116015625 0.646875 0.12578125 0.638671875 0.13046875 0.630859375 0.128515625 0.6265625
0 0.0890625 0.608984375 0.093359375 0.61640625 0.11015625 0.616015625 0.123828125 0.6109375 0.12421875 0.603515625 0.097265625 0.60234375 0.0890625 0.608984375
0 0 0.604296875 0.000390625 0.61953125 0.019921875 0.6203125 0.032421875 0.63046875 0.040625 0.631640625 0.04453125 0.626171875 0.0453125 0.617578125 0.035546875 0.60859375 0 0.604296875
0 0.018359375 0.51328125 0.01953125 0.533203125 0.034765625 0.5421875 0.051953125 0.559375 0.06015625 0.560546875 0.06875 0.552734375 0.0625 0.541015625 0.027734375 0.5140625 0.018359375 0.51328125
0 0.396484375 0.70625 0.38828125 0.713671875 0.3859375 0.731640625 0.390234375 0.7375 0.3984375 0.737109375 0.40859375 0.730859375 0.41015625 0.720703125 0.40703125 0.711328125 0.396484375 0.70625
0 0.37421875 0.719921875 0.369140625 0.71015625 0.356640625 0.71015625 0.3484375 0.719921875 0.33984375 0.748046875 0.341796875 0.7515625 0.346875 0.751171875 0.361328125 0.73828125 0.366796875 0.7375 0.37265625 0.730078125 0.37421875 0.719921875
0 0.293359375 0.759375 0.272265625 0.759375 0.26640625 0.765234375 0.268359375 0.78125 0.30234375 0.78125 0.30078125 0.769140625 0.293359375 0.759375
0 0.255078125 0.65078125 0.25078125 0.652734375 0.248828125 0.67109375 0.219921875 0.6703125 0.20390625 0.687890625 0.207421875 0.69296875 0.221484375 0.68828125 0.230859375 0.6984375 0.24296875 0.699609375 0.25078125 0.689453125 0.25859375 0.666015625 0.25859375 0.656640625 0.255078125 0.65078125
0 0.25234375 0.607421875 0.255859375 0.6125 0.2890625 0.624609375 0.270703125 0.59453125 0.258984375 0.59296875 0.25390625 0.595703125 0.25234375 0.607421875
0 0.604296875 0.271875 0.590625 0.286328125 0.59140625 0.294921875 0.596484375 0.29921875 0.6046875 0.300390625 0.61796875 0.284765625 0.61953125 0.273828125 0.616796875 0.2703125 0.604296875 0.271875
0 0.578515625 0.246875 0.569921875 0.24765625 0.553125 0.269921875 0.557421875 0.27890625 0.565625 0.280859375 0.573828125 0.278125 0.5828125 0.266015625 0.58359375 0.252734375 0.578515625 0.246875
0 0.509375 0.230859375 0.517578125 0.2375 0.52265625 0.237109375 0.52890625 0.230859375 0.5265625 0.219140625 0.509765625 0.21953125 0.509375 0.230859375
0 0.804296875 0.2203125 0.793359375 0.2203125 0.7828125 0.241015625 0.786328125 0.25078125 0.79296875 0.250390625 0.810546875 0.24375 0.81796875 0.233203125 0.81796875 0.228515625 0.804296875 0.2203125
0 0.773828125 0.32265625 0.7703125 0.324609375 0.76953125 0.330078125 0.7765625 0.355078125 0.7765625 0.370703125 0.75625 0.401171875 0.75703125 0.410546875 0.76640625 0.412890625 0.77109375 0.410546875 0.7953125 0.364453125 0.79296875 0.329296875 0.773828125 0.32265625
0 0.746484375 0.334375 0.730859375 0.34296875 0.72890625 0.348828125 0.739453125 0.3640625 0.75 0.366015625 0.7546875 0.362109375 0.7546875 0.339453125 0.752734375 0.33515625 0.746484375 0.334375
0 0.879296875 0.2625 0.8734375 0.265234375 0.8703125 0.278515625 0.8625 0.283984375 0.8671875 0.294921875 0.87265625 0.296484375 0.889453125 0.29140625 0.89375 0.283203125 0.890625 0.274609375 0.879296875 0.2625
0 0.55546875 0.489453125 0.5578125 0.475390625 0.565625 0.460546875 0.560546875 0.4515625 0.5515625 0.462109375 0.54296875 0.481640625 0.52890625 0.491796875 0.528125 0.498828125 0.540625 0.510546875 0.540625 0.519921875 0.5328125 0.536328125 0.534375 0.561328125 0.5453125 0.573046875 0.55 0.591015625 0.56015625 0.601953125 0.5640625 0.614453125 0.5734375 0.616015625 0.57734375 0.615234375 0.58203125 0.579296875 0.56171875 0.517578125 0.55546875 0.489453125
0 0.52265625 0.399609375 0.514453125 0.39296875 0.476953125 0.39296875 0.4625 0.414453125 0.4609375 0.437109375 0.478515625 0.45078125 0.489453125 0.4546875 0.49921875 0.454296875 0.522265625 0.44921875 0.528125 0.442578125 0.52890625 0.424609375 0.52265625 0.399609375
0 0.386328125 0.6171875 0.37890625 0.624609375 0.37890625 0.635546875 0.385546875 0.64375 0.39296875 0.645703125 0.4015625 0.638671875 0.40390625 0.629296875 0.394921875 0.61796875 0.386328125 0.6171875