0 0.43918504843750006 0.9305555562500001 0.47186478750000005 0.9125816999999999 0.47104779375000005 0.8872549015625 0.45143995156249994 0.8872549015625 0.4310151140625 0.8978758171875001 0.4244791671875 0.9256535953125 0.43918504843750006 0.9305555562500001
0 0.3713745921875 0.135620915625 0.38608047343749996 0.151960784375 0.393433415625 0.151143790625 0.3967013890625 0.14460784375 0.3452308 0.10294117656249999 0.31010008125 0.09068627500000001 0.3141850484375 0.11601307187500001 0.34849877500000004 0.12418300625 0.3713745921875 0.135620915625
0 0.5078125 0.49591503281250005 0.5110804734375 0.5171568625 0.533956290625 0.5236928109375001 0.552747140625 0.51633986875 0.56010008125 0.5057189546874999 0.5551981203125 0.489379084375 0.54130923125 0.4771241828125 0.5200674015625 0.48366013125 0.5078125 0.49591503281250005
0 0.516799428125 0.3970588234375 0.52415236875 0.384803921875 0.5225183828125 0.366830065625 0.4947406046875 0.3374183 0.4947406046875 0.329248365625 0.498008578125 0.314542484375 0.5306883171875 0.276960784375 0.5323223046875001 0.257352940625 0.5118974671875 0.22875817031249998 0.4759497546875 0.2026143796875 0.45225694375 0.20833333281250002 0.435917075 0.2802287578125 0.428564134375 0.2875817 0.4154922390625 0.2728758171875 0.3999693625 0.27859477187500004 0.3999693625 0.3014705875 0.41059027812500004 0.30555555624999997 0.42039419999999994 0.3006535953125 0.43755106250000003 0.3178104578125 0.41630923124999997 0.3341503265625 0.40813929687500006 0.365196078125 0.4138582515625 0.37418300625 0.4301981203125 0.37418300625 0.443270015625 0.3594771234375 0.45552491875 0.37826797343749996 0.43918504843750006 0.39297385625 0.444904003125 0.40359477187500004 0.45389093125 0.40277777812500004 0.45715890468750003 0.384803921875 0.46451184687499997 0.3790849671875 0.47921772812499996 0.3790849671875 0.4849366828125 0.39297385625 0.497191584375 0.40032679687500006 0.516799428125 0.3970588234375
0 0.4906556375 0.6666666671875 0.5282373359375 0.66176470625 0.533956290625 0.6462418296875 0.5217013890625 0.6290849671875 0.4873876640625 0.64379085 0.46451184687499997 0.6421568625 0.446537990625 0.6290849671875 0.435917075 0.60866013125 0.463694853125 0.5580065359375 0.45715890468750003 0.528594771875 0.44817197656249996 0.5212418296875 0.428564134375 0.5245098046875001 0.4154922390625 0.5032679734375 0.392616421875 0.508169934375 0.3868974671875 0.5024509796875 0.38526347968749997 0.4828431375 0.40160334999999997 0.4779411765625 0.40242034374999996 0.4591503265625 0.44000204218750005 0.4591503265625 0.44898897031249996 0.453431371875 0.44898897031249996 0.42892156875 0.44245302343750004 0.420751634375 0.44898897031249996 0.4076797390625 0.44000204218750005 0.41013071874999996 0.4342830875 0.4240196078125 0.4040543296875 0.44771241875 0.3893484484375 0.4509803921875 0.3681066171875 0.44281045781249995 0.373008578125 0.4607843140625 0.337060865625 0.46241830000000006 0.31010008125 0.4240196078125 0.3150020421875 0.40277777812500004 0.31010008125 0.37826797343749996 0.27660334999999997 0.3529411765625 0.2422896234375 0.349673203125 0.2349366828125 0.3700980390625 0.267616421875 0.4044117640625 0.267616421875 0.4223856203125 0.2806883171875 0.455065359375 0.300296159375 0.47303921562499995 0.31663602968750004 0.5155228765625 0.33052491875 0.5228758171875 0.3468647875 0.545751634375 0.37954452656250004 0.5490196078125 0.4032373359375 0.561274509375 0.4048713234375 0.625 0.3999693625 0.64133986875 0.43346609531249997 0.6486928109375001 0.435917075 0.6723856203125 0.45143995156249994 0.678104575 0.45552491875 0.688725490625 0.43755106250000003 0.739379084375 0.427747140625 0.74918300625 0.4310151140625 0.7655228765625 0.445720996875 0.7736928109375001 0.445720996875 0.7883986921874999 0.43510008125 0.7973856203125 0.4073223046875 0.7990196078125 0.3999693625 0.812908496875 0.4056883171875 0.8202614374999999 0.44163602968750004 0.8169934640625 0.45715890468750003 0.8243464046875 0.4751327609375 0.7704248359375 0.4669628265625 0.7083333328125 0.47431576875000003 0.69607843125 0.48820465625000004 0.6919934640625 0.4849366828125 0.6740196078125 0.4906556375 0.6666666671875
0 0.5404922390625 0.44526143749999997 0.5560151140625 0.4591503265625 0.568270015625 0.4583333328125 0.5780739374999999 0.44362745156249994 0.5748059640625 0.42892156875 0.560917075 0.4166666671875 0.5462111921874999 0.4166666671875 0.5372242640625 0.42892156875 0.5404922390625 0.44526143749999997
0 0.5846098859375 0.40277777812500004 0.5944138078125001 0.384803921875 0.5846098859375 0.35866013125 0.5772569437499999 0.3545751640625 0.569904003125 0.3700980390625 0.571537990625 0.3978758171875 0.5846098859375 0.40277777812500004
0 0.6181066171875 0.44934640468750003 0.6295445265625 0.44934640468750003 0.6377144609375 0.46241830000000006 0.6532373359375 0.46486928125000004 0.66630923125 0.455065359375 0.658956290625 0.44117647031249996 0.6377144609375 0.436274509375 0.6262765515625001 0.4264705875 0.6156556375 0.43218954218750005 0.6181066171875 0.44934640468750003
0 0.7798713234375 0.454248365625 0.7725183828125 0.46650326875000003 0.785590278125 0.47140522812499996 0.792126225 0.45669934687499997 0.7798713234375 0.454248365625
0 0.8607536765624999 0.203431371875 0.8721915843750001 0.20669934687499997 0.8852634796875 0.20179738593750002 0.88362949375 0.1723856203125 0.8762765515625001 0.16993464062500002 0.86320465625 0.171568628125 0.855851715625 0.18545751562499999 0.8607536765624999 0.203431371875
0 0.2815053109375 0.5490196078125 0.27742034375 0.561274509375 0.2904922390625 0.5661764703125 0.2937602125 0.553104575 0.2815053109375 0.5490196078125
0 0.3591196890625 0.57271241875 0.3501327609375 0.560457515625 0.338694853125 0.560457515625 0.3313419125 0.5776143796875 0.34604779375 0.5874183000000001 0.3591196890625 0.57271241875
0 0.35830269531250003 0.7467320265625 0.34768178125000004 0.7524509796875 0.355851715625 0.7622549015625 0.36402165000000003 0.7573529406249999 0.35830269531250003 0.7467320265625
0 0.5208843953125 0.9289215687500001 0.518433415625 0.919934640625 0.5110804734375 0.9223856203125 0.5208843953125 0.9289215687500001
0 0.5462111921874999 0.8970588234375001 0.5404922390625 0.9060457515625 0.550296159375 0.9142156859374999 0.5584660953125 0.902777778125 0.5462111921874999 0.8970588234375001
0 0.624642565625 0.8954248359375001 0.623825571875 0.9109477125 0.6385314546874999 0.9142156859374999 0.641799428125 0.8995098046875001 0.624642565625 0.8954248359375001
0 0.586243871875 0.937091503125 0.5944138078125001 0.9256535953125 0.5813419125 0.9109477125 0.579707925 0.89460784375 0.5674530234375 0.89379085 0.5666360296875 0.9272875812500001 0.586243871875 0.937091503125
0 0.44081903593750005 0.9893790843750001 0.45062295781249995 0.9795751640624999 0.44817197656249996 0.955882353125 0.44000204218750005 0.955882353125 0.42611315312500003 0.971405228125 0.427747140625 0.9877450984375 0.44081903593750005 0.9893790843750001
0 0.46532884062499996 0.8700980390625 0.462877859375 0.85620915 0.445720996875 0.8668300656250001 0.445720996875 0.8733660125 0.45552491875 0.8766339875 0.46532884062499996 0.8700980390625
0 0.25862949375 0.678104575 0.2708843953125 0.6805555562500001 0.283956290625 0.6723856203125 0.283956290625 0.659313725 0.2635314546875 0.6486928109375001 0.25454452656250004 0.6544117640625 0.2512765515625 0.667483659375 0.25862949375 0.678104575
0 0.2512765515625 0.5759803921875 0.2357536765625 0.5669934640625 0.223498775 0.580882353125 0.229217728125 0.59150326875 0.24310661718749998 0.5939542484375 0.2512765515625 0.5759803921875
0 0.1826491015625 0.6102941171875 0.17856413437500002 0.6029411765625 0.16957720625 0.60539215625 0.1826491015625 0.6102941171875
0 0.318270015625 0.30964052343750004 0.336243871875 0.312908496875 0.34768178125000004 0.3063725484375 0.3509497546875 0.294934640625 0.338694853125 0.28431372499999996 0.32889093125 0.28431372499999996 0.318270015625 0.29330065312500003 0.318270015625 0.30964052343750004