0 0.45869076875000003 0.721405228125 0.45869076875000003 0.6560457515625 0.4717626640625 0.582516340625 0.47584763125 0.580065359375 0.49872344843749994 0.598039215625 0.5224162578125 0.5743464046875 0.520782271875 0.561274509375 0.49463847968749997 0.5383986921874999 0.5134293296875 0.5065359484374999 0.526501225 0.5065359484374999 0.534671159375 0.4983660125 0.5575469765625 0.5065359484374999 0.5951286765625 0.5049019609375 0.6302593953125 0.4697712421875 0.63597835 0.44771241875 0.644965278125 0.4517973859375 0.643331290625 0.543300653125 0.645782271875 0.5490196078125 0.651501225 0.546568628125 0.6727430562500001 0.453431371875 0.6743770421875 0.3521241828125 0.6670241015625 0.3447712421875 0.65068423125 0.3611111109375 0.63597835 0.364379084375 0.61637050625 0.3578431375 0.5853247546875 0.3921568625 0.5673508984375 0.3790849671875 0.5510110296875 0.3807189546875 0.545292075 0.3733660125 0.5403901140625 0.312908496875 0.5322201796875 0.29983660156249997 0.5485600484375001 0.27859477187500004 0.545292075 0.258986928125 0.5314031859375 0.2516339875 0.519965278125 0.25326797343749996 0.500357434375 0.2810457515625 0.48891952656250004 0.2810457515625 0.4791156046875 0.259803921875 0.4611417484375 0.26960784375 0.448069853125 0.26797385625 0.42601102968750004 0.242647059375 0.41702410156249997 0.2205882359375 0.4088541671875 0.25 0.3279718140625 0.1495098046875 0.305912990625 0.133986928125 0.3655535125 0.2197712421875 0.37045547343749996 0.24918300625 0.38679534375 0.2720588234375 0.427645015625 0.3619281046875 0.42192606250000003 0.37581699375 0.40150122499999996 0.383169934375 0.3802593953125 0.4240196078125 0.357383578125 0.44035947656249996 0.3622855390625 0.45669934687499997 0.3524816171875 0.4681372546875 0.3524816171875 0.4828431375 0.376991421875 0.49754902031250003 0.3786254078125 0.5302287578125 0.3900633171875 0.53513071875 0.39169730468749997 0.5743464046875 0.40150122499999996 0.5857843140625 0.39496527812500004 0.615196078125 0.38516135625 0.6282679734375 0.40150122499999996 0.64460784375 0.40395220624999995 0.671568628125 0.41784109531249997 0.659313725 0.375357434375 0.7540849671875 0.36391952656250004 0.796568628125 0.36637050625 0.813725490625 0.3802593953125 0.776960784375 0.412122140625 0.73366013125 0.3982332515625 0.8014705875000001 0.40558619218749997 0.8006535953125 0.412939134375 0.8161764703125 0.41784109531249997 0.920751634375 0.411305146875 0.937091503125 0.3818933828125 0.96486928125 0.3737234484375 0.9942810453125001 0.376174428125 1 0.447252859375 0.99918300625 0.43744893749999997 0.9910130718750001 0.445618871875 0.937091503125 0.439082925 0.89460784375 0.447252859375 0.8717320265625 0.447252859375 0.7883986921874999 0.45869076875000003 0.721405228125
0 0.538756128125 0.6200980390625 0.538756128125 0.6658496734375 0.556729984375 0.6723856203125 0.5763378265625 0.6625816999999999 0.5763378265625 0.6495098046875001 0.5681678921875 0.634803921875 0.5330371734375 0.6045751640625 0.5305861921874999 0.6102941171875 0.538756128125 0.6200980390625
0 0.6106515515625001 0.73120915 0.6310763890625 0.740196078125 0.63679534375 0.7540849671875 0.6498672390625 0.7263071890624999 0.6425142968750001 0.6813725484375001 0.63516135625 0.685457515625 0.6327103765625 0.7026143796875 0.6041156046875 0.706699346875 0.6106515515625001 0.73120915
0 0.680095996875 0.7549019609375 0.670292075 0.7467320265625 0.6588541671875 0.7516339875 0.6547691999999999 0.7638888890625 0.662939134375 0.7736928109375001 0.6555861921874999 0.7859477125 0.6465992640625 0.7883986921874999 0.662122140625 0.794117646875 0.677645015625 0.8096405234375 0.680912990625 0.8227124187499999 0.6866319437499999 0.8071895421875 0.698069853125 0.812091503125 0.7201286765625 0.7982026140625 0.7217626640625 0.7557189546874999 0.698069853125 0.7434640515625001 0.680095996875 0.7549019609375
0 0.6547691999999999 0.9305555562500001 0.651501225 0.9975490203125 0.6564031859375 0.99918300625 0.661305146875 0.8602941171875 0.6555861921874999 0.85620915 0.6482332515625 0.8619281046875 0.6474162578125 0.8333333328125001 0.6384293296875 0.8995098046875001 0.6547691999999999 0.9305555562500001
0 0.7013378265625 0.8872549015625 0.7021548203125 0.9305555562500001 0.70705678125 0.9321895421875 0.70705678125 0.8880718953125 0.7013378265625 0.8872549015625
0 0.7062397875 0.936274509375 0.7037888078125001 0.99918300625 0.715226715625 0.99918300625 0.7119587421875 0.9452614374999999 0.7062397875 0.936274509375
0 0.7021548203125 0.8684640515625001 0.7013378265625 0.8447712421875 0.697252859375 0.8684640515625001 0.7021548203125 0.8684640515625001
0 0.6939848859375 0.8243464046875 0.6939848859375 0.8341503265625001 0.7005208328125 0.8374183000000001 0.7029718140625 0.8186274515624999 0.6939848859375 0.8243464046875
0 0.609017565625 0.9109477125 0.6155535125 0.8880718953125 0.6131025328125 0.8333333328125001 0.59921364375 0.847222221875 0.607383578125 0.8668300656250001 0.6041156046875 0.9076797390625 0.609017565625 0.9109477125
0 0.5060763890625 0.8831699343749999 0.5093443625 0.8423202609375 0.5036254078125 0.83986928125 0.5060763890625 0.8831699343749999
0 0.483200571875 0.723039215625 0.48810253281250005 0.7295751640625 0.49463847968749997 0.71323529375 0.49137050625 0.6952614374999999 0.5077103765625 0.6560457515625 0.501991421875 0.6323529406249999 0.48810253281250005 0.6544117640625 0.483200571875 0.723039215625
0 0.3786254078125 0.3521241828125 0.375357434375 0.3455882359375 0.38352736875 0.3357843140625 0.3729064546875 0.312091503125 0.36473652031250003 0.313725490625 0.36473652031250003 0.3202614375 0.3369587421875 0.295751634375 0.33369076875000003 0.30392156875 0.30101102968750004 0.295751634375 0.2903901140625 0.28349673124999997 0.295292075 0.28349673124999997 0.2928410953125 0.276143790625 0.2724162578125 0.275326796875 0.2805861921875 0.25245097968749997 0.251991421875 0.23529411718749998 0.2405535125 0.23529411718749998 0.24300449375 0.2442810453125 0.23074959218750002 0.2483660125 0.22421364375000002 0.23366013125 0.1948018796875 0.23039215624999998 0.180095996875 0.2450980390625 0.17682802343749998 0.22875817031249998 0.1686580875 0.23366013125 0.160488153125 0.2189542484375 0.1384293296875 0.21650326875 0.1400633171875 0.1985294125 0.13352736875 0.19689542499999999 0.1302593953125 0.2442810453125 0.1204554734375 0.2442810453125 0.12290645468750001 0.2826797390625 0.126174428125 0.27777777812500004 0.1294424015625 0.2875817 0.1490502453125 0.2990196078125 0.18663194375 0.30392156875 0.19643586562499998 0.3186274515625 0.2062397875 0.313725490625 0.216043709375 0.3267973859375 0.23238357812500002 0.328431371875 0.2372855390625 0.321895425 0.24137050625 0.3423202609375 0.250357434375 0.349673203125 0.302645015625 0.3513071890625 0.3091809640625 0.37254902031250003 0.31735089843750003 0.367647059375 0.3287888078125 0.3807189546875 0.35493259843749997 0.3709150328125 0.357383578125 0.3815359484375 0.3655535125 0.383169934375 0.3688214875 0.3766339875 0.3622855390625 0.365196078125 0.375357434375 0.3635620921875 0.3786254078125 0.35702614375 0.37045547343749996 0.35702614375 0.3786254078125 0.3521241828125
0 0.18826593125 0.0245098046875 0.2037888078125 0.0563725484375 0.213592728125 0.061274509374999994 0.2119587421875 0.0498366015625 0.18826593125 0.0245098046875
0 0.2193116828125 0.062091503125 0.216860703125 0.0678104578125 0.251174428125 0.11846405156249999 0.2626123359375 0.125 0.2740502453125 0.11519607812499999 0.2740502453125 0.10539215625000001 0.2593443625 0.08251634062499999 0.2462724671875 0.079248365625 0.250357434375 0.09640522812499999 0.2193116828125 0.062091503125
0 0.46440972187499996 0.1307189546875 0.48483455937500003 0.1299019609375 0.49954044062499997 0.11846405156249999 0.5044424015625 0.10212418281249999 0.47584763125 0.080065359375 0.45705678125000004 0.0939542484375 0.45378880781250003 0.11519607812499999 0.46440972187499996 0.1307189546875
0 0.48483455937500003 0.187091503125 0.50852736875 0.20915032656250002 0.52895220625 0.2099673203125 0.52895220625 0.18545751562499999 0.519148284375 0.1642156859375 0.5068933828125 0.1568627453125 0.49545547343749996 0.16013071875 0.483200571875 0.1756535953125 0.48483455937500003 0.187091503125
0 0.6907169125 0.025326796875 0.6907169125 0.03349673125 0.698886846875 0.03513071875 0.7029718140625 0.0114379078125 0.6907169125 0.025326796875
0 0.6465992640625 0.3276143796875 0.6400633171875 0.311274509375 0.6416973046875001 0.275326796875 0.626991421875 0.257352940625 0.6286254078125 0.22957516406249998 0.6245404406249999 0.23529411718749998 0.6212724671875 0.222222221875 0.608200571875 0.223856209375 0.590226715625 0.20751634062500002 0.5673508984375 0.2107843140625 0.5616319437499999 0.21650326875 0.5698018796875 0.2197712421875 0.5657169125 0.223856209375 0.54610906875 0.2140522875 0.5436580875 0.224673203125 0.537122140625 0.224673203125 0.5403901140625 0.25245097968749997 0.5501940359375 0.2704248359375 0.537122140625 0.2982026140625 0.5469260625000001 0.3455882359375 0.56489991875 0.3619281046875 0.56489991875 0.3733660125 0.5796058000000001 0.37826797343749996 0.5779718140625 0.3733660125 0.5853247546875 0.3709150328125 0.5934946890624999 0.37745097968749997 0.61637050625 0.3545751640625 0.6343443625 0.3578431375 0.6465992640625 0.3276143796875
0 0.2985600484375 0.0122549015625 0.3001940359375 0.0008169937500000001 0.2895731203125 0 0.2985600484375 0.0122549015625
0 0.3737234484375 0.11356209218749999 0.34839665000000003 0.0735294125 0.34757965625 0.1004901953125 0.359017565625 0.1217320265625 0.37045547343749996 0.1266339875 0.3737234484375 0.11356209218749999
0 0.2969260625 0.028594771875 0.305095996875 0.058006535937500006 0.3165339046875 0.0596405234375 0.3255208328125 0.0588235296875 0.3296058 0.046568628125 0.324703840625 0.0318627453125 0.305912990625 0.014705882812500001 0.306729984375 0.028594771875 0.2969260625 0.028594771875