0 0.2501953125 0.142578125 0.2755859375 0.140625 0.2892578125 0.169921875 0.3185546875 0.169921875 0.3859375 0.1240234375 0.399609375 0.0830078125 0.3810546875 0.0859375 0.3458984375 0.046875 0.3009765625 0.064453125 0.274609375 0.1123046875 0.2130859375 0.1484375 0.184765625 0.1904296875 0.17890625 0.2783203125 0.1828125 0.4580078125 0.18671875 0.4912109375 0.1955078125 0.484375 0.212109375 0.4912109375 0.2140625 0.4560546875 0.1984375 0.4384765625 0.196484375 0.3603515625 0.21796875 0.1904296875 0.2296875 0.1572265625 0.2501953125 0.142578125
0 0.813671875 0.5048828125 0.8126953125 0.470703125 0.80390625 0.4755859375 0.8068359375 0.482421875 0.794140625 0.4833984375 0.7765625 0.5302734375 0.762890625 0.5361328125 0.7609375 0.5615234375 0.747265625 0.5771484375 0.7453125 0.5966796875 0.7208984375 0.625 0.7033203125 0.625 0.6671875 0.5849609375 0.64375 0.5419921875 0.5998046875 0.509765625 0.5880859375 0.533203125 0.5607421875 0.53515625 0.5236328125 0.578125 0.5099609375 0.58203125 0.4708984375 0.580078125 0.4474609375 0.552734375 0.4044921875 0.53515625 0.383984375 0.5732421875 0.341015625 0.6123046875 0.321484375 0.6572265625 0.3126953125 0.66015625 0.2921875 0.6513671875 0.2765625 0.6318359375 0.2765625 0.6123046875 0.2375 0.5810546875 0.235546875 0.5537109375 0.19453125 0.4873046875 0.19453125 0.5205078125 0.221875 0.6123046875 0.2609375 0.7001953125 0.298046875 0.7548828125 0.2345703125 0.78515625 0.216015625 0.8173828125 0.2296875 0.8837890625 0.2912109375 1 0.770703125 0.9990234375 0.786328125 0.9345703125 0.78828125 0.8740234375 0.762890625 0.7958984375 0.7296875 0.7431640625 0.794140625 0.6083984375 0.813671875 0.5048828125
0 0.536328125 0.2919921875 0.5314453125 0.28125 0.5158203125 0.27734375 0.497265625 0.2880859375 0.4875 0.3232421875 0.50703125 0.3486328125 0.5109375 0.4384765625 0.551953125 0.5478515625 0.5578125 0.5146484375 0.520703125 0.4130859375 0.51875 0.3720703125 0.528515625 0.3603515625 0.524609375 0.3154296875 0.536328125 0.2919921875
0 0.5509765625 0.408203125 0.555859375 0.4794921875 0.571484375 0.4951171875 0.567578125 0.4443359375 0.5509765625 0.408203125
0 0.360546875 0.5224609375 0.3703125 0.5166015625 0.3625 0.4990234375 0.3673828125 0.48828125 0.348828125 0.4970703125 0.348828125 0.5146484375 0.360546875 0.5224609375
0 0.2990234375 0.36328125 0.28828125 0.3779296875 0.2970703125 0.390625 0.3234375 0.3955078125 0.315625 0.4169921875 0.3390625 0.4638671875 0.3390625 0.4833984375 0.364453125 0.4853515625 0.3546875 0.4521484375 0.360546875 0.4169921875 0.348828125 0.3955078125 0.3546875 0.3720703125 0.3302734375 0.361328125 0.2990234375 0.36328125
0 0.3234375 0.5634765625 0.3234375 0.5205078125 0.329296875 0.5126953125 0.313671875 0.5146484375 0.3078125 0.4912109375 0.317578125 0.4833984375 0.309765625 0.4716796875 0.321484375 0.4716796875 0.3244140625 0.50390625 0.3390625 0.4853515625 0.337109375 0.4599609375 0.315625 0.4169921875 0.329296875 0.3974609375 0.2951171875 0.390625 0.2853515625 0.37109375 0.2765625 0.3779296875 0.2765625 0.3896484375 0.290234375 0.4013671875 0.2853515625 0.404296875 0.2814453125 0.396484375 0.262890625 0.4130859375 0.2482421875 0.451171875 0.239453125 0.4365234375 0.2375 0.4814453125 0.2306640625 0.486328125 0.22578125 0.4736328125 0.22578125 0.4912109375 0.231640625 0.4931640625 0.221875 0.5185546875 0.239453125 0.5810546875 0.2765625 0.6025390625 0.2970703125 0.599609375 0.3048828125 0.583984375 0.321484375 0.5927734375 0.3234375 0.5810546875 0.309765625 0.5693359375 0.3234375 0.5634765625
0 0.2580078125 0.181640625 0.253125 0.1943359375 0.2609375 0.1943359375 0.26484375 0.1845703125 0.2580078125 0.181640625
0 0.2677734375 0.19140625 0.262890625 0.2021484375 0.274609375 0.2080078125 0.2765625 0.1943359375 0.2677734375 0.19140625
0 0.2931640625 0.271484375 0.26875 0.2841796875 0.266796875 0.3154296875 0.305859375 0.2919921875 0.2931640625 0.271484375
0 0.544140625 0.1923828125 0.5177734375 0.1640625 0.51484375 0.1826171875 0.5353515625 0.208984375 0.544140625 0.2080078125 0.544140625 0.1923828125
0 0.4767578125 0.001953125 0.473828125 0.0107421875 0.485546875 0.0146484375 0.489453125 0.0068359375 0.4767578125 0.001953125
0 0.540234375 0.0751953125 0.5294921875 0.05078125 0.5265625 0.0712890625 0.540234375 0.0751953125
0 0.4923828125 0.04296875 0.489453125 0.0673828125 0.503125 0.0751953125 0.508984375 0.0537109375 0.4923828125 0.04296875
0 0.4171875 0.1904296875 0.3986328125 0.166015625 0.36640625 0.1513671875 0.4171875 0.1904296875
0 0.446484375 0.1357421875 0.4513671875 0.1171875 0.430859375 0.1298828125 0.446484375 0.1357421875
0 0.5451171875 0.5234375 0.5197265625 0.470703125 0.4826171875 0.46875 0.4611328125 0.484375 0.4201171875 0.486328125 0.407421875 0.4990234375 0.4015625 0.5205078125 0.4064453125 0.53515625 0.4357421875 0.544921875 0.4767578125 0.58203125 0.50703125 0.5830078125 0.5255859375 0.576171875 0.5578125 0.5380859375 0.551953125 0.5029296875 0.54609375 0.5029296875 0.55390625 0.5224609375 0.5451171875 0.5234375