0 0.6685 0.567375 0.6035 0.567375 0.5615 0.5533750000000001 0.5469999999999999 0.554875 0.5505 0.560375 0.5915 0.573375 0.6625 0.608375 0.731 0.607875 0.7745 0.604375 0.8109999999999999 0.594875 0.7715 0.591375 0.7645 0.586375 0.7224999999999999 0.584375 0.6685 0.567375
0 0.548 0.699875 0.563 0.680875 0.5585 0.676375 0.48250000000000004 0.649375 0.4205 0.643375 0.3955 0.6483749999999999 0.36 0.672875 0.3625 0.677375 0.3915 0.690375 0.4305 0.702375 0.4835 0.726375 0.5255 0.756375 0.537 0.755875 0.5775 0.752375 0.584 0.743875 0.5765 0.734375 0.5565 0.725375 0.5469999999999999 0.715875 0.548 0.699875
0 0.952 0.422875 0.9490000000000001 0.397875 0.933 0.366875 0.9115 0.343375 0.8615 0.306375 0.8195 0.286375 0.7715 0.272375 0.6795 0.270375 0.6295 0.278375 0.5915 0.278375 0.53 0.288875 0.5925 0.288375 0.6645 0.28137500000000004 0.6905 0.284375 0.6990000000000001 0.290875 0.704 0.303875 0.7 0.323875 0.6785 0.340375 0.6305 0.351375 0.5605 0.359375 0.5315000000000001 0.370375 0.5325 0.374375 0.6255 0.372375 0.7264999999999999 0.39637500000000003 0.7905 0.40437500000000004 0.8244999999999999 0.413375 0.833 0.426875 0.836 0.441875 0.8300000000000001 0.45787500000000003 0.8105 0.473375 0.7655000000000001 0.47437500000000005 0.7295 0.467375 0.634 0.46187500000000004 0.6385 0.46637500000000004 0.6495 0.46637500000000004 0.7325 0.49437499999999995 0.7755 0.514375 0.8474999999999999 0.5273749999999999 0.8734999999999999 0.5393749999999999 0.877 0.568875 0.868 0.582875 0.8394999999999999 0.597375 0.8220000000000001 0.5978749999999999 0.8335000000000001 0.603375 0.845 0.6028749999999999 0.8654999999999999 0.595375 0.881 0.578875 0.8939999999999999 0.549875 0.932 0.48587499999999995 0.9470000000000001 0.450875 0.952 0.422875
0 0.19 0.742875 0.19 0.760875 0.1965 0.7693749999999999 0.20400000000000001 0.768875 0.22549999999999998 0.762375 0.233 0.755875 0.238 0.743875 0.2165 0.719375 0.1995 0.715375 0.19 0.742875
0 0.272 0.794875 0.268 0.806875 0.27799999999999997 0.811875 0.28300000000000003 0.8078749999999999 0.28300000000000003 0.795875 0.29700000000000004 0.767875 0.2665 0.759375 0.263 0.774875 0.272 0.794875
0 0.3285 0.8053750000000001 0.3585 0.819375 0.378 0.822875 0.39849999999999997 0.8143750000000001 0.40499999999999997 0.804875 0.3955 0.798375 0.321 0.774875 0.319 0.788875 0.3285 0.8053750000000001
0 0.22799999999999998 0.818875 0.22749999999999998 0.813375 0.21600000000000003 0.814875 0.21600000000000003 0.820875 0.221 0.8238749999999999 0.22799999999999998 0.818875
0 0.4035 0.696375 0.3605 0.693375 0.359 0.682875 0.34550000000000003 0.677375 0.34500000000000003 0.672875 0.3715 0.662375 0.3845 0.650375 0.3995 0.643375 0.4125 0.6403749999999999 0.4615 0.642375 0.49850000000000005 0.649375 0.5285 0.663375 0.5835 0.677375 0.6085 0.680375 0.6555 0.6783750000000001 0.659 0.648875 0.674 0.645875 0.673 0.630875 0.659 0.629875 0.657 0.6128750000000001 0.6435 0.614375 0.644 0.6068749999999999 0.6395 0.600375 0.6275000000000001 0.599375 0.6245 0.593375 0.6094999999999999 0.585375 0.5815 0.579375 0.5775 0.573375 0.5615 0.568375 0.5485 0.568375 0.533 0.554875 0.533 0.550875 0.5455 0.545375 0.5465 0.5393749999999999 0.6245 0.5393749999999999 0.6285000000000001 0.5353749999999999 0.6395 0.5363749999999999 0.6425 0.5233749999999999 0.657 0.520875 0.6595 0.505375 0.6719999999999999 0.504875 0.671 0.492875 0.658 0.49087500000000006 0.6555 0.475375 0.6125 0.472375 0.6094999999999999 0.464375 0.5905 0.459375 0.5495 0.45737500000000003 0.5509999999999999 0.45287499999999997 0.5389999999999999 0.445875 0.542 0.441875 0.5309999999999999 0.429875 0.537 0.425875 0.536 0.422875 0.523 0.414875 0.532 0.410875 0.532 0.385875 0.5285 0.382375 0.49749999999999994 0.379375 0.4715 0.363375 0.46699999999999997 0.353875 0.45599999999999996 0.34587500000000004 0.45 0.32687499999999997 0.4375 0.31437499999999996 0.3795 0.313375 0.3245 0.31837499999999996 0.2815 0.313375 0.23149999999999998 0.313375 0.1925 0.319375 0.1515 0.32037499999999997 0.1265 0.315375 0.1055 0.299375 0.0645 0.28337500000000004 0.056499999999999995 0.276375 0.0325 0.272375 0.031 0.285875 0.037 0.288875 0.038 0.298875 0.049 0.304875 0.045 0.313875 0.047 0.347875 0.06 0.349875 0.062 0.377875 0.078 0.38287499999999997 0.08149999999999999 0.426375 0.1075 0.42837500000000006 0.1145 0.442375 0.1545 0.445375 0.1575 0.45837500000000003 0.20049999999999998 0.460375 0.2045 0.475375 0.2555 0.476375 0.257 0.487875 0.266 0.491875 0.267 0.5198750000000001 0.277 0.524875 0.279 0.533875 0.26749999999999996 0.538375 0.23500000000000001 0.539875 0.233 0.614875 0.2045 0.616375 0.20099999999999998 0.631875 0.188 0.633875 0.188 0.666875 0.1975 0.677375 0.21600000000000003 0.684875 0.21400000000000002 0.711875 0.2385 0.727375 0.2585 0.752375 0.2955 0.759375 0.2985 0.763375 0.3145 0.764375 0.3235 0.7693749999999999 0.346 0.770875 0.3725 0.753375 0.3795 0.743375 0.389 0.739875 0.40499999999999997 0.721875 0.40800000000000003 0.704875 0.4035 0.696375
0 0.381 0.24987499999999999 0.384 0.25787499999999997 0.376 0.26887500000000003 0.374 0.280875 0.3855 0.297375 0.40499999999999997 0.299875 0.421 0.286875 0.422 0.267875 0.4125 0.257375 0.39449999999999996 0.253375 0.3845 0.24537499999999998 0.381 0.24987499999999999
0 0.4325 0.187375 0.429 0.194875 0.43499999999999994 0.197875 0.438 0.191875 0.4325 0.187375
0 0.43899999999999995 0.221875 0.44400000000000006 0.221875 0.45149999999999996 0.220375 0.461 0.210875 0.45949999999999996 0.199375 0.44400000000000006 0.200875 0.43899999999999995 0.21187499999999998 0.43899999999999995 0.221875
0 0.496 0.170875 0.501 0.159875 0.49850000000000005 0.15437499999999998 0.4925 0.160375 0.479 0.159875 0.4795 0.167375 0.496 0.170875