0 0.32788461562500004 0.5947115390625 0.3240384609375 0.5697115390625 0.347115384375 0.577403846875 0.3605769234375 0.5735576921875001 0.4125 0.6197115390625 0.415384615625 0.609134615625 0.3980769234375 0.589903846875 0.3980769234375 0.56875 0.371153846875 0.5399038468749999 0.4125 0.527403846875 0.42115384687499996 0.5072115390625 0.3980769234375 0.489903846875 0.384615384375 0.4668269234375 0.4048076921875 0.4697115390625 0.4490384609375 0.4947115390625 0.46634615312500005 0.48509615312500004 0.48173076875 0.4889423078125 0.48269230781249994 0.478365384375 0.44326923125000006 0.45625 0.43076923125000005 0.434134615625 0.46634615312500005 0.4197115390625 0.46826923125000003 0.4043269234375 0.4865384609375 0.40144230781249995 0.4634615390625 0.389903846875 0.4759615390625 0.37932692343749996 0.4509615390625 0.3831730765625 0.43365384687499997 0.365865384375 0.397115384375 0.365865384375 0.38365384687500004 0.377403846875 0.3701923078125 0.377403846875 0.3451923078125 0.3581730765625 0.3259615390625 0.38125 0.2990384609375 0.37932692343749996 0.2980769234375 0.39375 0.3105769234375 0.385096153125 0.33942307656250004 0.3947115390625 0.358653846875 0.39086538437499996 0.4076923078125 0.4322115390625 0.402884615625 0.46201923125000005 0.35480769218749997 0.45240384687499996 0.33942307656250004 0.42548076874999996 0.2990384609375 0.427403846875 0.296153846875 0.39759615312499996 0.2875 0.3985576921875 0.277884615625 0.38701923125 0.2451923078125 0.3889423078125 0.23076923124999998 0.40144230781249995 0.23076923124999998 0.4168269234375 0.24903846093749998 0.415865384375 0.259615384375 0.4360576921875 0.24903846093749998 0.45240384687499996 0.2394230765625 0.45240384687499996 0.21826923125 0.42548076874999996 0.1875 0.4197115390625 0.18076923125 0.41105769218750005 0.2076923078125 0.37451923125 0.22884615312499998 0.3264423078125 0.2240384609375 0.32548076875 0.1740384609375 0.371634615625 0.141346153125 0.365865384375 0.12307692343750001 0.3822115390625 0.11730769218749999 0.41298076874999995 0.13076923125 0.4322115390625 0.12596153906250002 0.43701923125000003 0.116346153125 0.427403846875 0.1 0.4360576921875 0.1134615390625 0.4456730765625 0.1115384609375 0.459134615625 0.125 0.4668269234375 0.121153846875 0.478365384375 0.13269230781250002 0.48413461562500004 0.146153846875 0.5072115390625 0.134615384375 0.528365384375 0.140384615625 0.5629807687499999 0.1355769234375 0.5716346156250001 0.10096153906250001 0.577403846875 0.096153846875 0.589903846875 0.1125 0.6024038468749999 0.166346153125 0.6177884609375 0.1730769234375 0.628365384375 0.165384615625 0.63798076875 0.183653846875 0.6389423078124999 0.1894230765625 0.646634615625 0.23173076875 0.6331730765625 0.23461538437499999 0.6206730765625 0.24903846093749998 0.61201923125 0.2759615390625 0.6293269234375 0.2875 0.627403846875 0.3230769234375 0.653365384375 0.347115384375 0.6485576921875 0.35 0.63798076875 0.3009615390625 0.6158653843749999 0.2980769234375 0.5860576921875 0.308653846875 0.5831730765625001 0.32788461562500004 0.5947115390625
0 0.275 0.3418269234375 0.27019230781250003 0.327403846875 0.24230769218749998 0.34951923125 0.25 0.3668269234375 0.2576923078125 0.3668269234375 0.275 0.3418269234375
0 0.447115384375 0.29663461562500004 0.44038461562500003 0.31875 0.4615384609375 0.33798076875 0.4634615390625 0.3052884609375 0.447115384375 0.29663461562500004
0 0.41923076875 0.32451923125 0.41057692343749996 0.315865384375 0.4 0.3206730765625 0.40673076874999997 0.33509615312499996 0.4173076921875 0.3360576921875 0.41923076875 0.32451923125
0 0.546153846875 0.52451923125 0.5201923078124999 0.51201923125 0.5173076921875001 0.5418269234374999 0.5019230765625 0.5552884609375 0.478365384375 0.5982365390625 0.5086538468749999 0.596634615625 0.51826923125 0.5927884609375 0.528846153125 0.61298076875 0.5384615390625 0.6168269234375 0.5269230765625 0.6014423078125 0.5384615390625 0.5860576921875 0.5365384609375 0.5629807687499999 0.55 0.5552884609375 0.54423076875 0.54951923125 0.546153846875 0.52451923125
0 0.4769230765625 0.514903846875 0.46826923125000003 0.4985576921875 0.459615384375 0.514903846875 0.4769230765625 0.514903846875
0 0.42980769218750003 0.527403846875 0.425 0.5399038468749999 0.43269230781249995 0.5418269234374999 0.45 0.534134615625 0.42980769218750003 0.527403846875
0 0.44134615312500003 0.55625 0.415384615625 0.578365384375 0.428846153125 0.5860576921875 0.4576923078125 0.564903846875 0.44134615312500003 0.55625
0 0.11538461562499999 0.6610576921875 0.13076923125 0.6706730765625 0.146153846875 0.6514423078125 0.153846153125 0.6168269234375 0.1355769234375 0.6139423078124999 0.127884615625 0.621634615625 0.122115384375 0.61201923125 0.11538461562499999 0.6610576921875
0 0.096153846875 0.52451923125 0.12596153906250002 0.47163461562500003 0.090384615625 0.514903846875 0.096153846875 0.52451923125
0 0.1240384609375 0.50625 0.1365384609375 0.51875 0.1240384609375 0.47355769218750005 0.10769230781250001 0.503365384375 0.11923076875000001 0.5225961531250001 0.1240384609375 0.50625