0 0.23333333281250002 0.36375 0.23958333281250002 0.38 0.2454166671875 0.38 0.2716666671875 0.34875 0.2741666671875 0.32375 0.2625 0.31375000000000003 0.25916666718750003 0.30125 0.25916666718750003 0.27208333281249997 0.24958333281249998 0.2558333328125 0.23958333281250002 0.2558333328125 0.22125 0.26749999999999996 0.21541666718750002 0.26749999999999996 0.21000000000000002 0.27208333281249997 0.20458333281250002 0.2891666671875 0.1983333328125 0.2804166671875 0.1929166671875 0.2633333328125 0.1883333328125 0.2654166671875 0.18416666718750002 0.2754166671875 0.1833333328125 0.2979166671875 0.19 0.3470833328125 0.20750000000000002 0.3795833328125 0.21208333281249997 0.385 0.22000000000000003 0.3845833328125 0.2233333328125 0.36291666718750004 0.21833333281249998 0.3579166671875 0.21208333281249997 0.33166666718750004 0.2195833328125 0.3275 0.2325 0.32875 0.23333333281250002 0.36375
0 0.1347225 0.30138916718750003 0.1508333328125 0.26125 0.15 0.25125000000000003 0.1454166671875 0.2475 0.1266666671875 0.2654166671875 0.1233333328125 0.27875 0.10916666718750001 0.30625 0.1025 0.3379166671875 0.1116666671875 0.3395833328125 0.12208333281249999 0.3358333328125 0.1245833328125 0.3275 0.1666666671875 0.2920833328125 0.1833333328125 0.26111083281249997 0.1583333328125 0.2763891671875 0.1347225 0.30138916718750003
0 0.44166666718750003 0.6620833328125 0.43958333281249995 0.6541666671875 0.43208333281250005 0.6491666671874999 0.4279166671875 0.65 0.425 0.6420833328125 0.4095833328125 0.6308333328125 0.38625 0.6258333328125001 0.3729166671875 0.6166666671875001 0.3708333328125 0.61875 0.37 0.6279166671875 0.3804166671875 0.645 0.38875000000000004 0.6433333328125 0.40708333281250003 0.6599999999999999 0.42125 0.6658333328125 0.4329166671875 0.6875 0.44666666718750003 0.6895833328125 0.4491666671875 0.6837500000000001 0.44166666718750003 0.6770833328125 0.44375 0.6725 0.45541666718749996 0.6891666671875 0.46333333281250005 0.6845833328125 0.44166666718750003 0.6620833328125
0 0.3770833328125 0.6866666671874999 0.3675 0.6970833328125 0.3633333328125 0.7345833328125 0.3654166671875 0.7375 0.3725 0.7370833328125 0.3783333328125 0.7320833328125 0.3758333328125 0.7270833328124999 0.3783333328125 0.70875 0.3883333328125 0.6929166671875 0.3854166671875 0.6858333328125 0.3770833328125 0.6866666671874999
0 0.1241666671875 0.5529166671875 0.1233333328125 0.5420833328125 0.11374999999999999 0.5341666671875 0.12166666718750001 0.5879166671875 0.13 0.6145833328125 0.14666666718750002 0.6454166671875 0.15375 0.6541666671875 0.1740233328125 0.6749291671875 0.180225 0.6610658328125 0.17074 0.6468375 0.1625 0.63375 0.15875 0.6275000000000001 0.15 0.6245833328125 0.1241666671875 0.5529166671875
0 0.3895833328125 0.5974999999999999 0.39416666718750004 0.5904166671875 0.4091666671875 0.51375 0.42083333281249996 0.47291666718750003 0.41916666718749995 0.45041666718749995 0.4129166671875 0.4425 0.40833333281249995 0.44625000000000004 0.40875000000000006 0.43916666718749997 0.41208333281250004 0.44166666718750003 0.4183333328125 0.4379166671875 0.41624999999999995 0.42833333281249997 0.4108333328125 0.43041666718749994 0.40875000000000006 0.4375 0.4066666671875 0.4295833328125 0.40791666718749997 0.425 0.41624999999999995 0.4258333328125 0.4183333328125 0.42291666718750004 0.4125 0.3704166671875 0.40875000000000006 0.3675 0.40750000000000003 0.3779166671875 0.4 0.38708333281249996 0.3958333328125 0.40541666718749997 0.3991666671875 0.4095833328125 0.395 0.4220833328125 0.3991666671875 0.4254166671875 0.39416666718750004 0.43541666718750005 0.3966666671875 0.4420833328125 0.3883333328125 0.45208333281249996 0.395 0.4579166671875 0.38333333281250004 0.48375 0.37333333281250003 0.5320833328125001 0.36 0.5587500000000001 0.35583333281249996 0.5754166671875 0.3441666671875 0.5945833328125001 0.3416666671875 0.6070833328125 0.3125 0.6345833328125 0.3008333328125 0.6745833328125 0.2979166671875 0.6808333328125 0.2941666671875 0.6804166671874999 0.29333333281249996 0.68875 0.2975 0.6895833328125 0.32125 0.6733333328125 0.3541666671875 0.6587500000000001 0.36833333281249997 0.63875 0.3691666671875 0.6029166671875 0.37374999999999997 0.5983333328125 0.3895833328125 0.5974999999999999
0 0.7837500000000001 0.2841666671875 0.7783333328125 0.2870833328125 0.7738258328125001 0.3212716671875 0.7617566671875 0.3447 0.775 0.36124999999999996 0.7829166671875 0.36583333281249997 0.7858333328125 0.36375 0.7866666671875 0.33541666718749996 0.8036433328125 0.33121083281249997 0.8050625 0.34257 0.7944141671875 0.3447 0.7891666671875 0.3679166671875 0.7983333328125 0.36875 0.8125 0.3495833328125 0.82 0.3095833328125 0.82 0.2929166671875 0.8029333328125 0.3234016671875 0.7944141671875 0.288615 0.7837500000000001 0.2841666671875
0 0.8400000000000001 0.5570833328125 0.8525 0.5529166671875 0.8458333328125001 0.54375 0.84375 0.5241666671874999 0.8400000000000001 0.5479166671875 0.8358333328124999 0.5554166671874999 0.8400000000000001 0.5570833328125
0 0.8941666671874999 0.4495833328125 0.8904166671875 0.4458333328125 0.88375 0.44666666718750003 0.8741666671875 0.46125 0.8574999999999999 0.5154166671875 0.8491666671875 0.5229166671875001 0.8483333328124999 0.5429166671875 0.8516666671875001 0.5470833328125 0.8608333328125 0.5429166671875 0.8629166671874999 0.5325 0.8675 0.54125 0.8833333328125 0.5129166671875 0.8933333328125 0.4620833328125 0.8941666671874999 0.4495833328125
0 0.725 0.49791666718750005 0.7183308328125 0.4931458328125 0.7128133328125 0.47396583281250004 0.698625 0.42746083281249997 0.6988883328125 0.3780658328125 0.6910058328125 0.3825325 0.6912499999999999 0.4 0.6900000000000001 0.42374999999999996 0.6950000000000001 0.45375 0.7008333328125 0.46875 0.7066666671874999 0.5004166671875 0.7125 0.5179166671875 0.7209583328125 0.5320316671875001 0.75275 0.5619833328125 0.7608941671875 0.5430666671875 0.7540633328124999 0.5391250000000001 0.7440791671875 0.5328191671875 0.7264758328124999 0.508385 0.725 0.49791666718750005
0 0.805 0.57875 0.8058333328125 0.5904166671875 0.8041666671875 0.5945833328125001 0.801185 0.6662733328125 0.8104033328125 0.6691708328125 0.8183333328125 0.6070833328125 0.8208333328125 0.5970833328125 0.8208333328125 0.5820833328125 0.82 0.5754166671875 0.8170833328124999 0.5741666671875 0.8079166671875001 0.5758333328125 0.805 0.57875
0 0.7555591671874999 0.6066716671875 0.75487 0.6077558328125 0.7536991671875 0.6192891671874999 0.7559758328124999 0.6537550000000001 0.7618091671875 0.6479216671875 0.7626425 0.6370883328125 0.7609758328125 0.6320883328125 0.7601424999999999 0.6145883328124999 0.7626425 0.6120883328125 0.7555591671874999 0.6066716671875
0 0.7875 0.7254166671875 0.7858333328125 0.7279166671875 0.7869808328125 0.7281091671875 0.8091666671875 0.72875 0.8075416671875001 0.7204200000000001 0.8048675 0.7162416671875 0.8005208328125001 0.7122291671875 0.7946708328125001 0.7135666671875 0.7883333328125001 0.7195833328125001 0.7875 0.7254166671875
0 0.7598741671875 0.7330916671875001 0.7631883328125 0.7327600000000001 0.7598741671875 0.7163566671875 0.7479166671875 0.705 0.7434708328124999 0.7147 0.7441666671875 0.7262500000000001 0.7510925 0.7176825 0.7598741671875 0.7330916671875001
0 0.5358333328125 0.7020833328125 0.532315 0.6979966671875 0.5361916671875 0.6924875 0.5353758328125 0.6884066671875 0.5321108328124999 0.6855508328125001 0.5266025 0.686775 0.5243583328125 0.6869791671875001 0.5204166671875 0.6891666671875 0.5195833328125 0.6900000000000001 0.5179166671875 0.6900000000000001 0.5158333328125 0.6929166671875 0.5158333328125 0.6954166671875 0.5166666671875 0.69625 0.5166666671875 0.70125 0.52 0.7054166671875 0.5258333328125 0.7170833328125 0.5295833328125 0.7216666671875 0.5321108328124999 0.7259483328125 0.5353758328125 0.7255408328125 0.5359875 0.7208475 0.5374158328124999 0.7120741671874999 0.5349999999999999 0.70625 0.5358333328125 0.7054166671875 0.5358333328125 0.7020833328125
0 0.23373583281250002 0.7317975 0.2371125 0.7379883328125 0.2418025 0.7614366671874999 0.2599983328125 0.7614366671874999 0.25666666718750003 0.7320833328125 0.2545583328125 0.7220433328125 0.24986916718750002 0.710975 0.2380508328125 0.7113508328125 0.23186 0.7119133328125 0.2324616671875 0.719785 0.23373583281250002 0.7317975
0 0.40051249999999994 0.35784916718750004 0.3829008328125 0.33795416718750004 0.37018083281249997 0.3167541671875 0.35041666718750003 0.29 0.30625 0.2833333328125 0.2596158328125 0.27174583281250003 0.2589633328125 0.2909883328125 0.2618991671875 0.3138191671875 0.27396666718749996 0.3236033328125 0.3416666671875 0.3270833328125 0.3688758328125 0.34545583281250003 0.3858358328125 0.3598066671875 0.3959466671875 0.3738308328125 0.3988816671875 0.3950308328125 0.4129066671875 0.3722 0.40051249999999994 0.35784916718750004
0 0.2383333328125 0.45375 0.24416666718750002 0.4420833328125 0.24500000000000002 0.42625 0.2425 0.41541666718750003 0.24 0.40541666718749997 0.24333333281249997 0.3829166671875 0.2295833328125 0.3741666671875 0.2204166671875 0.385 0.2108333328125 0.38708333281249996 0.215 0.41041666718750003 0.2243916671875 0.42242749999999996 0.2191733328125 0.4491716671875 0.2188466671875 0.4716758328125 0.2217825 0.4918975 0.219825 0.5007033328125 0.21036666718750002 0.5029866671875001 0.2066666671875 0.51625 0.2104166671875 0.5208333328125 0.23291666718749998 0.52 0.2341666671875 0.5145833328125 0.2366666671875 0.49291666718749994 0.2375 0.4845833328125 0.24 0.4770833328125 0.2375 0.46875 0.24 0.46291666718749996 0.2383333328125 0.45375
0 0.2470833328125 0.6775 0.23125 0.6783333328125 0.224005 0.6800366671875 0.201385 0.6774833328125001 0.190805 0.6814958328125 0.1970075 0.6997375 0.21050583281250002 0.7070341671875 0.2316658328125 0.7095875 0.2612175 0.7033858328125 0.2845833328125 0.6933333328125 0.2816666671875 0.68875 0.28500000000000003 0.6845833328125 0.2645833328125 0.6775 0.2597575 0.6785775000000001 0.2470833328125 0.6775
0 0.10485249999999999 0.4524883328125 0.1027691671875 0.45373833281250003 0.1019358328125 0.4670716671875 0.1036025 0.4945716671875 0.11110249999999999 0.5295716671874999 0.11360250000000001 0.5337383328125 0.1161025 0.5345716671875 0.1264208328125 0.5449583328125 0.1294708328125 0.5297108328125 0.1223525 0.5199883328125 0.11921333281249999 0.5055908328125 0.1147775 0.48757 0.10485249999999999 0.4524883328125
0 0.7370833328125 0.3 0.7262500000000001 0.3008333328125 0.7131816671875 0.3082125 0.7064008328125 0.32177416718749996 0.6935658328125001 0.3549508328125 0.6904175 0.38158916718749997 0.6993783328125 0.35277166718749997 0.7216575 0.3433266671875 0.7330391671875 0.3370308328125 0.7415149999999999 0.33436666718749997 0.7466008328125 0.3363041671875 0.7533725 0.3375533328125 0.7580783328125 0.3365625 0.7664983328125 0.3355725 0.77269 0.3251708328125 0.7751666671875 0.31254 0.7781383328125 0.2909941671875 0.7495833328125 0.2983333328125 0.7404166671875 0.2975 0.7370833328125 0.3
0 0.890545 0.4306166671875 0.8894183328124999 0.4416583328125 0.8894816671875001 0.4463858328125 0.8936483328125 0.45055249999999997 0.8978149999999999 0.4430525 0.9018124999999999 0.41551916718750004 0.8979816671874999 0.3643666671875 0.8855875 0.3702258328125 0.8912216671875001 0.41574416718749996 0.890545 0.4306166671875
0 0.8227416671875 0.281435 0.8198641671875 0.29425 0.8266666671875 0.2970833328125 0.8279716671875 0.3036641671875 0.8300000000000001 0.30874999999999997 0.835 0.3120833328125 0.8366666671875 0.31625000000000003 0.8462500000000001 0.325 0.8529166671875 0.3283333328125 0.8554166671875001 0.3325 0.8624924999999999 0.34106166718750003 0.8721683328125 0.3428925 0.8750483328125 0.3276716671875 0.8708275000000001 0.3115558328125 0.8522933328125 0.2793433328125 0.8426166671875001 0.2887575 0.8227416671875 0.281435