0 0.8602564109375 0.5585737171875 0.8884615390624999 0.5457532046875 0.9333333328125001 0.6008814109375 0.9102564109375001 0.55985576875 0.9128205125 0.5265224359375 0.8948717953124999 0.506009615625 0.9179487171874999 0.4701121796875 0.9179487171874999 0.45985576874999995 0.8948717953124999 0.444471153125 0.8897435890625 0.40088141093749996 0.9 0.38549679531250003 0.8653846156249999 0.3739583328125 0.8448717953125 0.3329326921875 0.8012820515625 0.3278044875 0.791025640625 0.3175480765625 0.7730769234375 0.3303685890625 0.75 0.3072916671875 0.7397435890625 0.3278044875 0.7141025640625001 0.3303685890625 0.675641025 0.30985576875 0.6730769234375 0.2919070515625 0.6551282046875 0.3072916671875 0.60641025625 0.29959935937500004 0.60641025625 0.30985576875 0.6358974359375 0.3239583328125 0.6205128203125 0.33421474375 0.6371794875 0.3611378203125 0.5987179484375 0.368830128125 0.578205128125 0.3611378203125 0.5628205125 0.39703525625 0.521794871875 0.40985576874999996 0.5115384609375 0.4047275640625 0.48076923125000004 0.425240384375 0.42948717968750005 0.42011217968750003 0.346153846875 0.45729166718750003 0.3602564109375 0.46113782031249995 0.3858974359375 0.44831730781249995 0.3948717953125 0.4521634609375 0.391025640625 0.4637019234375 0.45 0.45600961562500003 0.46794871718750003 0.481650640625 0.4858974359375 0.45857371718750006 0.4948717953125 0.4675480765625 0.48333333281249996 0.48677884687499995 0.47307692343749996 0.4893429484375 0.46025641093749997 0.4765224359375 0.4384615390625 0.48549679531249995 0.44230769218750005 0.499599359375 0.4141025640625 0.49703525624999995 0.38076923125 0.5175480765625 0.3423076921875 0.5765224359375 0.3884615390625 0.543189103125 0.503846153125 0.5201121796875 0.5294871796875 0.540625 0.5602564109375 0.5303685890625001 0.5897435890625 0.5470352562499999 0.5141025640625 0.594471153125 0.5115384609375 0.6072916671875 0.552564103125 0.594471153125 0.5833333328125 0.568830128125 0.6128205125 0.5829326921875 0.6166666671875001 0.6047275640625001 0.68076923125 0.5508814109375 0.6820512828124999 0.5854967953125 0.6948717953125 0.6085737171875001 0.734615384375 0.5508814109375 0.775641025 0.5508814109375 0.79358974375 0.540625 0.8166666671874999 0.5560096156250001 0.8294871796875001 0.5329326921875001 0.8602564109375 0.5585737171875
0 0.7871794875 0.716266025 0.7833333328125 0.681650640625 0.76923076875 0.706009615625 0.7871794875 0.716266025
0 0.7871794875 0.675240384375 0.765384615625 0.6483173078125 0.725641025 0.6572916671875 0.7269230765625 0.6893429484375 0.774358975 0.6957532046875 0.7871794875 0.675240384375
0 0.7358974359375 0.6137019234375 0.724358975 0.59703525625 0.708974359375 0.594471153125 0.6897435890625 0.6265224359375 0.7230769234375 0.6342147437500001 0.7358974359375 0.6137019234375
0 0.8397435890624999 0.57139423125 0.83076923125 0.590625 0.8641025640625 0.6137019234375 0.8641025640625 0.5829326921875 0.8397435890624999 0.57139423125
0 0.24615384687500003 0.618830128125 0.28974358906250003 0.5854967953125 0.278205128125 0.58421474375 0.24615384687500003 0.618830128125
0 0.1769230765625 0.6085737171875001 0.202564103125 0.588060896875 0.18846153906250002 0.5893429484375 0.1769230765625 0.6085737171875001
0 0.146153846875 0.6111378203125 0.16410256406249998 0.5983173078124999 0.1358974359375 0.6085737171875001 0.146153846875 0.6111378203125
0 0.0923076921875 0.6137019234375 0.091025640625 0.6021634609375 0.07435897500000001 0.6085737171875001 0.0923076921875 0.6137019234375
0 0.0820512828125 0.675240384375 0.08333333281250001 0.6585737171875 0.06923076875 0.6701121796875 0.0820512828125 0.675240384375
0 0.08333333281250001 0.6226762828125 0.0769230765625 0.631650640625 0.08974358906249999 0.636778846875 0.09487179531249999 0.6290865390625 0.08333333281250001 0.6226762828125
0 0.047435896875 0.5867788468749999 0.04358974375 0.6008814109375 0.0615384609375 0.6085737171875001 0.0615384609375 0.588060896875 0.047435896875 0.5867788468749999
0 0.153846153125 0.562419871875 0.16282051250000001 0.5790865390625 0.23333333281250002 0.5829326921875 0.2487179484375 0.575240384375 0.2512820515625 0.562419871875 0.2320512828125 0.5278044875 0.165384615625 0.5329326921875001 0.15897435937499999 0.5419070515625 0.153846153125 0.562419871875
0 0.3358974359375 0.4778044875 0.3371794875 0.468830128125 0.32564102500000003 0.47267628281249996 0.3358974359375 0.4778044875
0 0.33076923125 0.49575320468750006 0.3397435890625 0.48421474375000007 0.32564102500000003 0.488060896875 0.33076923125 0.49575320468750006
0 0.3205128203125 0.49575320468750006 0.31923076875 0.48421474375000007 0.30384615312499996 0.48421474375000007 0.2948717953125 0.49575320468750006 0.3076923078125 0.506009615625 0.3205128203125 0.49575320468750006
0 0.4076923078125 0.4829326921875 0.396153846875 0.4637019234375 0.35641025625 0.4778044875 0.358974359375 0.490625 0.374358975 0.49575320468750006 0.4076923078125 0.4829326921875
0 0.525641025 0.39575320468749997 0.5179487171875 0.38036858906250004 0.5333333328125 0.3419070515625 0.47820512812500005 0.3072916671875 0.46025641093749997 0.3072916671875 0.46666666718750005 0.316266025 0.4576923078125 0.32524038437499997 0.42435897499999997 0.3303685890625 0.4205128203125 0.34703525625 0.3897435890625 0.3675480765625 0.4076923078125 0.37524038437499996 0.408974359375 0.4021634609375 0.43205128281249994 0.39703525625 0.43461538437499997 0.41241987187499995 0.458974359375 0.41113782031249996 0.4628205125 0.394471153125 0.475641025 0.4021634609375 0.475641025 0.394471153125 0.4987179484375 0.3919070515625 0.5012820515625 0.4047275640625 0.525641025 0.39575320468749997
0 0.602564103125 0.3085737171875 0.6 0.2803685890625 0.5705128203125 0.266266025 0.5602564109375 0.2765224359375 0.55 0.266266025 0.5230769234375 0.2829326921875 0.5102564109375 0.33421474375 0.5205128203125 0.344471153125 0.51923076875 0.366266025 0.5269230765625 0.3585737171875 0.5423076921875001 0.38421474375 0.5666666671875 0.3829326921875 0.575641025 0.356009615625 0.5987179484375 0.366266025 0.6230769234375 0.34703525625 0.6128205125 0.331650640625 0.6179487171875 0.318830128125 0.602564103125 0.3085737171875
0 0.4615384609375 0.275240384375 0.475641025 0.266266025 0.5141025640625 0.266266025 0.515384615625 0.23934294843749998 0.45512820468750004 0.2354967953125 0.446153846875 0.25729166718749996 0.4615384609375 0.275240384375
0 0.534615384375 0.7201121796875001 0.45512820468750004 0.7508814109374999 0.45384615312500004 0.7675480765625 0.47948717968750004 0.7803685890625001 0.4884615390625 0.7688301281250001 0.5294871796875 0.766266025 0.5371794875 0.7508814109374999 0.5512820515625 0.749599359375 0.55641025625 0.7265224359375 0.534615384375 0.7201121796875001
0 0.374358975 0.7342147437500001 0.3871794875 0.7290865390625 0.3884615390625 0.7175480765625 0.3705128203125 0.712419871875 0.346153846875 0.7239583328125 0.3551282046875 0.7354967953125 0.374358975 0.7342147437500001
0 0.2230769234375 0.7265224359375 0.22692307656250002 0.714983975 0.2128205125 0.72139423125 0.2230769234375 0.7265224359375
0 0.24358974375 0.7034455125 0.2487179484375 0.690625 0.2371794875 0.6893429484375 0.24358974375 0.7034455125
0 0.271794871875 0.6778044875 0.278205128125 0.6611378203125 0.2615384609375 0.6701121796875 0.271794871875 0.6778044875
0 0.2987179484375 0.47139423125 0.28974358906250003 0.475240384375 0.3 0.45729166718750003 0.2948717953125 0.44703525624999996 0.3128205125 0.43677884687499996 0.3012820515625 0.42267628281249997 0.29358974375 0.44318910312500004 0.28076923125 0.4329326921875 0.2448717953125 0.43036858906250003 0.2179487171875 0.45729166718750003 0.2230769234375 0.5034455125 0.24230769218749998 0.5098557687499999 0.2448717953125 0.494471153125 0.2615384609375 0.5085737171875 0.2705128203125 0.494471153125 0.29102564062499997 0.5021634609375 0.30384615312499996 0.481650640625 0.30641025625 0.4893429484375 0.3128205125 0.4829326921875 0.2987179484375 0.47139423125