0 0.0796460171875 0.21286873125 0.08407079687499999 0.2261430671875 0.0943952796875 0.2246681421875 0.09587020625 0.2113938046875 0.0796460171875 0.21286873125
0 0.12094395312499999 0.616998525 0.12831858437500002 0.65387168125 0.0929203546875 0.6420722718749999 0.0737463125 0.6671460171875 0.0870206484375 0.6981194687500001 0.11209439531250001 0.7025442484375 0.1371681421875 0.6745206484375 0.1710914453125 0.6671460171875 0.15929203593750002 0.6376474921875 0.1740412984375 0.628797934375 0.1489675515625 0.606674040625 0.12094395312499999 0.616998525
0 0.790560471875 0.2187684359375 0.8185840703125 0.2467920359375 0.849557521875 0.245317109375 0.8702064890625 0.230567846875 0.864306784375 0.186320059375 0.8480825953125001 0.1700958703125 0.81563421875 0.1671460171875 0.793510325 0.18337020625 0.790560471875 0.2187684359375
0 0.6076696171875 0.27186578125 0.6165191734375 0.3072640125 0.6386430671875 0.3352876109375 0.702064896875 0.33676253749999996 0.71386430625 0.32496312656250004 0.7050147499999999 0.2836651921875 0.6740412984375 0.2467920359375 0.6415929203124999 0.2467920359375 0.6268436578125 0.26744100312499997 0.6076696171875 0.27186578125
0 0.5973451328125 0.6332227140625 0.5707964609375 0.6332227140625 0.5457227140625001 0.5875 0.504424778125 0.5639011796875 0.5235988203125 0.5358775812500001 0.5648967546875 0.5476769906250001 0.5855457234375 0.5240781703125 0.6681415921875 0.5240781703125 0.6799410031249999 0.5093289078125001 0.7035398234375 0.5122787609375 0.7212389375 0.4798303828125 0.731563421875 0.49310472031249997 0.7079646015625001 0.510803834375 0.7079646015625001 0.525553096875 0.7182890859375 0.5417772859375 0.7359882 0.5417772859375 0.7374631265625 0.555051621875 0.7079646015625001 0.5816002953125 0.702064896875 0.6022492625 0.7182890859375 0.6302728609375 0.7477876109375 0.6420722718749999 0.7802359875 0.6155235984375 0.8259587015625 0.614048671875 0.7920353984374999 0.6037241890625 0.75811209375 0.5521017703125 0.7876106187499999 0.52850295 0.7964601765625 0.47540560468750004 0.75811209375 0.4429572265625 0.7640118 0.4341076703125 0.7492625375 0.41050885 0.706489675 0.36773598750000003 0.6592920359375001 0.36773598750000003 0.6445427734375 0.34413716875 0.6238938046875 0.38543510312499996 0.6150442484374999 0.3618362828125 0.5884955749999999 0.37363569375 0.5781710921875 0.35151180000000004 0.541297934375 0.3234882 0.488200590625 0.3234882 0.452802359375 0.30283923281249997 0.45722713906249995 0.3279129796875 0.47787610625 0.35151180000000004 0.44985250781249997 0.36773598750000003 0.4056047203125 0.370685840625 0.386430678125 0.392809734375 0.3923303828125 0.510803834375 0.4129793515625 0.5137536875000001 0.41002949843750003 0.481305309375 0.42625368750000003 0.459181415625 0.46902654843749997 0.45475663749999995 0.43805309687499994 0.49162979375000004 0.42182890781250004 0.49310472031249997 0.42772861406249996 0.5373525078125 0.41887905625000005 0.5727507375 0.4321533921875 0.591924778125 0.4719764015625 0.5963495578125 0.47787610625 0.6612463125 0.5147492625 0.7069690265624999 0.5427728609375 0.708443953125 0.556047196875 0.6951696171874999 0.5796460171875 0.7040191734375 0.6091445421875 0.6981194687500001 0.6224188796875 0.6818952796875 0.6224188796875 0.6553466078125 0.5973451328125 0.6332227140625
0 0.3289085546875 0.6597713859375001 0.312684365625 0.6848451328125 0.3392330390625 0.693694690625 0.3480825953125 0.6730457234375 0.3289085546875 0.6597713859375001
0 0.3554572265625 0.6155235984375 0.3510324484375 0.6317477874999999 0.3657817109375 0.6376474921875 0.371681415625 0.6228982296875001 0.3554572265625 0.6155235984375
0 0.36725663750000004 0.5830752218749999 0.356932153125 0.6022492625 0.37463126875 0.6081489671875 0.3834808265625 0.5933997046874999 0.36725663750000004 0.5830752218749999
0 0.3775811203125 0.560951328125 0.3820059 0.5712758109375 0.3982300890625 0.569800884375 0.3967551625 0.55062684375 0.3775811203125 0.560951328125
0 0.3289085546875 0.5830752218749999 0.3215339234375 0.5963495578125 0.3333333328125 0.6022492625 0.3392330390625 0.590449853125 0.3289085546875 0.5830752218749999
0 0.3259587015625 0.5594764015625 0.31858407031249997 0.569800884375 0.33038348125 0.575700590625 0.3362831859375 0.5639011796875 0.3259587015625 0.5594764015625
0 0.26991150468749997 0.621423303125 0.268436578125 0.634697640625 0.2802359875 0.634697640625 0.28318584062499996 0.6258480828125 0.26991150468749997 0.621423303125
0 0.2404129796875 0.6479719765625 0.253687315625 0.678945428125 0.268436578125 0.6818952796875 0.2743362828125 0.6582964609374999 0.2522123890625 0.6332227140625 0.20648967499999998 0.6405973453125 0.2079646015625 0.6656710921875 0.22861356875 0.6686209437499999 0.2404129796875 0.6479719765625
0 0.1814159296875 0.6479719765625 0.179941003125 0.6612463125 0.1917404125 0.6612463125 0.194690265625 0.6494469031250001 0.1814159296875 0.6479719765625
0 0.12536873125 0.553576696875 0.11799409999999999 0.569800884375 0.135693215625 0.5816002953125 0.147492625 0.560951328125 0.12536873125 0.553576696875
0 0.08112094375 0.6184734515625 0.0737463125 0.6317477874999999 0.088495575 0.6405973453125 0.0943952796875 0.628797934375 0.08112094375 0.6184734515625
0 0.2197640125 0.58012536875 0.21533923281249998 0.5933997046874999 0.22713864374999998 0.599299409375 0.2330383484375 0.5845501468750001 0.2197640125 0.58012536875
0 0.356932153125 0.525553096875 0.3775811203125 0.5167035390625 0.3731563421875 0.50637905625 0.327433628125 0.5167035390625 0.35988200625 0.540302359375 0.356932153125 0.525553096875
0 0.7389380531249999 0.33823746250000003 0.7286135687499999 0.3397123890625 0.7330383484375 0.34413716875 0.7389380531249999 0.34413716875 0.7448377578125001 0.3500368734375 0.75811209375 0.348561946875 0.7640118 0.34561209375 0.7640118 0.333812684375 0.7595870203125 0.32938790625 0.753687315625 0.32938790625 0.7507374625 0.326438053125 0.7389380531249999 0.33823746250000003
0 0.33038348125 0.34266224218749997 0.3244837765625 0.36036135625 0.33480825937500003 0.37363569375 0.3510324484375 0.3721607671875 0.35988200625 0.3662610625 0.35988200625 0.3574115046875 0.3628318578125 0.35151180000000004 0.35250737499999996 0.3352876109375 0.3377581125 0.3352876109375 0.33038348125 0.34266224218749997
0 0.29498525 0.45770648906250005 0.30235988125 0.46508112031250004 0.312684365625 0.4636061953125 0.31858407031249997 0.45770648906250005 0.31858407031249997 0.451806784375 0.3082595875 0.4414823015625 0.2994100296875 0.4414823015625 0.29498525 0.4488569328125 0.29498525 0.45770648906250005
0 0.2846607671875 0.5240781703125 0.28908554531249997 0.5226032453125 0.29203539843750004 0.5196533921875 0.29203539843750004 0.5137536875000001 0.28761061875 0.5093289078125001 0.2846607671875 0.5093289078125001 0.27728613593749996 0.5167035390625 0.2846607671875 0.5240781703125
0 0.3038348078125 0.3869100296875 0.2964601765625 0.3795353984375 0.28908554531249997 0.3839601765625 0.290560471875 0.39428466093750003 0.30088495625 0.392809734375 0.3038348078125 0.3869100296875
0 0.2802359875 0.38985988125 0.28318584062499996 0.3869100296875 0.28318584062499996 0.381010325 0.2787610625 0.3765855453125 0.27286135625 0.3765855453125 0.27138643125 0.38985988125 0.2802359875 0.38985988125
0 0.2448377578125 0.3662610625 0.24778761093749999 0.363311209375 0.24778761093749999 0.3574115046875 0.24336283124999997 0.352986725 0.22713864374999998 0.3544616515625 0.234513275 0.36773598750000003 0.2448377578125 0.3662610625
0 0.15929203593750002 0.37511061875 0.1666666671875 0.3795353984375 0.1710914453125 0.37806047187499997 0.17699115 0.3721607671875 0.1740412984375 0.3662610625 0.16961651875 0.3618362828125 0.1666666671875 0.3618362828125 0.15929203593750002 0.3692109140625 0.15929203593750002 0.37511061875
0 0.1268436578125 0.3544616515625 0.13126843593749998 0.35888643125 0.1386430671875 0.3574115046875 0.1445427734375 0.35151180000000004 0.1445427734375 0.348561946875 0.14011799375 0.34413716875 0.13126843593749998 0.34413716875 0.1268436578125 0.348561946875 0.1268436578125 0.3544616515625
0 0.179941003125 0.32496312656250004 0.1858407078125 0.31906342187500003 0.1814159296875 0.31463864375 0.1755162234375 0.31463864375 0.1710914453125 0.31906342187500003 0.1784660765625 0.326438053125 0.179941003125 0.32496312656250004
0 0.1666666671875 0.20844395312500003 0.1622418875 0.21286873125 0.1622418875 0.2187684359375 0.1533923296875 0.2246681421875 0.147492625 0.23646755156250002 0.147492625 0.24236725625000002 0.1563421828125 0.24236725625000002 0.16961651875 0.2320427734375 0.1755162234375 0.2320427734375 0.1828908546875 0.22761799374999997 0.1858407078125 0.215818584375 0.1784660765625 0.20844395312500003 0.1666666671875 0.20844395312500003
0 0.165191740625 0.1951696171875 0.157817109375 0.1877949859375 0.147492625 0.1951696171875 0.15486725625 0.20254424843750002 0.1622418875 0.201069321875 0.165191740625 0.1951696171875
0 0.11356932187499999 0.2408923296875 0.1238938046875 0.2394174046875 0.1268436578125 0.22761799374999997 0.12241887968750001 0.223193215625 0.1165191734375 0.223193215625 0.1091445421875 0.230567846875 0.1091445421875 0.23351769843749998 0.11356932187499999 0.2408923296875
0 0.2743362828125 0.22761799374999997 0.2846607671875 0.234992625 0.297935103125 0.23351769843749998 0.3038348078125 0.22171828906250002 0.30088495625 0.215818584375 0.28761061875 0.20549409999999999 0.2787610625 0.20549409999999999 0.27138643125 0.21286873125 0.2743362828125 0.22761799374999997
0 0.3318584078125 0.296939528125 0.34513274374999997 0.2954646015625 0.349557521875 0.293989675 0.3539823015625 0.28661504375 0.35250737499999996 0.27629056093750004 0.3466076703125 0.27629056093750004 0.33038348125 0.28956489687500003 0.3318584078125 0.296939528125
0 0.36135693281250003 0.3087389375 0.3687315640625 0.3072640125 0.371681415625 0.30136430625 0.36725663750000004 0.296939528125 0.36135693281250003 0.296939528125 0.356932153125 0.30136430625 0.356932153125 0.304314159375 0.36135693281250003 0.3087389375
0 0.3982300890625 0.3072640125 0.4056047203125 0.31463864375 0.4144542765625 0.3175884953125 0.42035398281249997 0.3234882 0.42772861406249996 0.322013275 0.43362831875 0.3131637171875 0.42625368750000003 0.30283923281249997 0.41150442500000006 0.30283923281249997 0.4056047203125 0.296939528125 0.3982300890625 0.30136430625 0.3982300890625 0.3072640125
0 0.40412979375 0.3279129796875 0.40412979375 0.33676253749999996 0.4070796453125 0.3397123890625 0.4070796453125 0.35151180000000004 0.40412979375 0.3544616515625 0.40412979375 0.36036135625 0.41002949843750003 0.36036135625 0.4129793515625 0.3574115046875 0.4129793515625 0.32496312656250004 0.408554571875 0.3205383484375 0.4056047203125 0.3205383484375 0.40117994062499995 0.32496312656250004 0.40412979375 0.3279129796875
0 0.3952802359375 0.304314159375 0.3908554578125 0.29988938125 0.3849557515625 0.29988938125 0.3834808265625 0.3102138640625 0.3923303828125 0.3102138640625 0.3952802359375 0.304314159375
0 0.3997050140625 0.2880899703125 0.41002949843750003 0.28661504375 0.4129793515625 0.2836651921875 0.41150442500000006 0.27629056093750004 0.4026548671875 0.2733407078125 0.3952802359375 0.2777654875 0.3952802359375 0.2836651921875 0.3997050140625 0.2880899703125
0 0.7492625375 0.3072640125 0.7551622421874999 0.30136430625 0.753687315625 0.29988938125 0.7448377578125001 0.29988938125 0.7404129796875 0.304314159375 0.74188790625 0.3087389375 0.7492625375 0.3072640125
0 0.8318584078125 0.48720501406250005 0.834808259375 0.48425516249999995 0.834808259375 0.4783554578125 0.8274336281249999 0.47688053124999996 0.8230088500000001 0.481305309375 0.8230088500000001 0.48720501406250005 0.8318584078125 0.48720501406250005
0 0.5707964609375 0.5860250734375 0.5781710921875 0.5845501468750001 0.5840707968750001 0.5786504421875 0.5840707968750001 0.575700590625 0.5796460171875 0.5712758109375 0.576696165625 0.5712758109375 0.569321534375 0.5786504421875 0.5707964609375 0.5860250734375
0 0.3097345125 0.28956489687500003 0.3097345125 0.2807153390625 0.30235988125 0.2733407078125 0.28908554531249997 0.274815634375 0.28908554531249997 0.2807153390625 0.2994100296875 0.2910398234375 0.3097345125 0.28956489687500003
0 0.2492625375 0.2880899703125 0.253687315625 0.28661504375 0.25663716875000003 0.2807153390625 0.2522123890625 0.27629056093750004 0.2492625375 0.27629056093750004 0.2448377578125 0.2807153390625 0.2448377578125 0.2836651921875 0.2492625375 0.2880899703125
0 0.19911504375 0.2703908546875 0.1932153390625 0.2703908546875 0.1887905609375 0.274815634375 0.1902654875 0.282190265625 0.20058997031249998 0.2807153390625 0.19911504375 0.2703908546875
0 0.1622418875 0.274815634375 0.1637168140625 0.282190265625 0.1710914453125 0.2807153390625 0.16961651875 0.2733407078125 0.1622418875 0.274815634375
0 0.569321534375 0.260066371875 0.569321534375 0.25711651875 0.5619469031250001 0.2497418875 0.55162241875 0.2512168140625 0.55162241875 0.2541666671875 0.55899705 0.26154129843749996 0.569321534375 0.260066371875