0 0.3334821421875 0.5714285718750001 0.36919642812500003 0.5321428578125 0.356696428125 0.591071428125 0.3977678578125 0.628571428125 0.40669642812499995 0.6196428578125001 0.3924107140625 0.5875 0.412053571875 0.5392857140625 0.6495535718750001 0.39464285781249997 0.637053571875 0.375 0.624553571875 0.3767857140625 0.619196428125 0.4 0.6013392859375 0.3821428578125 0.5584821421874999 0.42142857187500005 0.5174107140624999 0.3982142859375 0.5334821421875 0.371428571875 0.5584821421874999 0.3607142859375 0.5691964281249999 0.375 0.594196428125 0.371428571875 0.615625 0.3428571421875 0.662053571875 0.33928571406249997 0.687053571875 0.29285714218750003 0.765625 0.325 0.7674107140624999 0.2946428578125 0.7263392859375 0.253571428125 0.6727678578125 0.24642857187499997 0.594196428125 0.2892857140625 0.5584821421874999 0.2821428578125 0.537053571875 0.3071428578125 0.490625 0.3071428578125 0.4513392859375 0.328571428125 0.42633928593750003 0.3 0.4138392859375 0.3125 0.41919642812499996 0.33214285781249997 0.394196428125 0.32142857187499996 0.3727678578125 0.35 0.3513392859375 0.3357142859375 0.2834821421875 0.378571428125 0.2513392859375 0.346428571875 0.22633928593750002 0.35357142812500003 0.1852678578125 0.39464285781249997 0.2299107140625 0.3857142859375 0.21741071406249998 0.40892857187500004 0.249553571875 0.4517857140625 0.156696428125 0.5446428578125 0.1174107140625 0.6053571421874999 0.169196428125 0.6142857140625 0.2102678578125 0.5482142859375 0.2299107140625 0.5392857140625 0.2459821421875 0.566071428125 0.2209821421875 0.608928571875 0.2513392859375 0.6178571421875 0.27455357187499996 0.6053571421874999 0.23169642812500002 0.6553571421875 0.2709821421875 0.658928571875 0.281696428125 0.6553571421875 0.2602678578125 0.6339285718750001 0.3138392859375 0.6017857140625 0.2959821421875 0.583928571875 0.30133928593750003 0.5678571421874999 0.3334821421875 0.5714285718750001
0 0.3584821421875 0.1928571421875 0.3388392859375 0.20892857187499997 0.356696428125 0.21964285781249998 0.37098214218750003 0.20892857187499997 0.3584821421875 0.1928571421875
0 0.30133928593750003 0.25 0.2888392859375 0.2732142859375 0.303125 0.2732142859375 0.331696428125 0.2553571421875 0.30133928593750003 0.25
0 0.1888392859375 0.2982142859375 0.2209821421875 0.308928571875 0.2102678578125 0.3303571421875 0.2727678578125 0.296428571875 0.281696428125 0.27678571406249997 0.2549107140625 0.275 0.2477678578125 0.253571428125 0.21205357187499999 0.2678571421875 0.1888392859375 0.2982142859375
0 0.615625 0.6428571421875 0.644196428125 0.6428571421875 0.6549107140625 0.6142857140625 0.6799107140625 0.6142857140625 0.7209821421875 0.5732142859375 0.6941964281249999 0.5642857140624999 0.6334821421875 0.6 0.6049107140625 0.5892857140625 0.5674107140625 0.6303571421874999 0.565625 0.65 0.544196428125 0.6357142859375 0.5263392859375 0.6607142859375 0.490625 0.6571428578125 0.440625 0.6821428578125001 0.3727678578125 0.75 0.25669642812500004 0.833928571875 0.23526785781249998 0.891071428125 0.27455357187499996 0.8946428578125 0.34776785781249997 0.853571428125 0.3799107140625 0.8071428578125 0.440625 0.778571428125 0.544196428125 0.6857142859375001 0.6049107140625 0.6607142859375 0.615625 0.6428571421875
0 0.781696428125 0.5375 0.7834821421875 0.55 0.799553571875 0.5482142859375 0.8013392859374999 0.5321428578125 0.781696428125 0.5375
0 0.7763392859375 0.4857142859375 0.7709821421874999 0.5232142859375 0.781696428125 0.5232142859375 0.803125 0.5053571421874999 0.7763392859375 0.4857142859375
0 0.7745535718750001 0.5446428578125 0.765625 0.528571428125 0.724553571875 0.5517857140625 0.7299107140625 0.5678571421874999 0.753125 0.566071428125 0.7745535718750001 0.5446428578125
0 0.7602678578125001 0.48392857187500005 0.7584821421875 0.46428571406249997 0.749553571875 0.4803571421875 0.7602678578125001 0.48392857187500005
0 0.687053571875 0.521428571875 0.681696428125 0.5375 0.6924107140625 0.541071428125 0.699553571875 0.5267857140625 0.687053571875 0.521428571875
0 0.4638392859375 0.6339285718750001 0.4549107140625 0.6178571421875 0.449553571875 0.6303571421874999 0.4638392859375 0.6339285718750001
0 0.4388392859375 0.5375 0.4388392859375 0.5553571421875 0.453125 0.5732142859375 0.5066964281249999 0.5625 0.5066964281249999 0.5303571421875 0.48705357187500004 0.503571428125 0.4459821421875 0.5196428578125001 0.456696428125 0.5267857140625 0.4388392859375 0.5375
0 0.4138392859375 0.6553571421875 0.4102678578125 0.6803571421875 0.4388392859375 0.6803571421875 0.4674107140625 0.6696428578125 0.4674107140625 0.6232142859375001 0.444196428125 0.6071428578125 0.42633928593750003 0.628571428125 0.3959821421875 0.6339285718750001 0.4138392859375 0.6553571421875
0 0.2959821421875 0.7482142859375001 0.3174107140625 0.7196428578125 0.281696428125 0.716071428125 0.3138392859375 0.6946428578125 0.30848214218750003 0.6821428578125001 0.25669642812500004 0.716071428125 0.2959821421875 0.7482142859375001
0 0.8227678578125 0.253571428125 0.8174107140625001 0.266071428125 0.8352678578124999 0.2732142859375 0.8424107140625001 0.25892857187499996 0.8227678578125 0.253571428125
0 0.7745535718750001 0.27678571406249997 0.790625 0.30357142812500004 0.803125 0.3017857140625 0.8013392859374999 0.2821428578125 0.7745535718750001 0.27678571406249997
0 0.6263392859375 0.375 0.6209821421874999 0.3982142859375 0.6495535718750001 0.40535714218749996 0.6549107140625 0.3892857140625 0.7334821421875 0.3571428578125 0.7352678578125 0.3446428578125 0.6977678578125001 0.3428571421875 0.6513392859375 0.378571428125 0.6263392859375 0.375
0 0.40669642812499995 0.191071428125 0.40848214218749995 0.1821428578125 0.3959821421875 0.1875 0.40669642812499995 0.191071428125
0 0.444196428125 0.16071428593749998 0.43526785781250005 0.1696428578125 0.449553571875 0.1803571421875 0.456696428125 0.166071428125 0.444196428125 0.16071428593749998
0 0.5852678578125 0.1482142859375 0.5834821421874999 0.11071428593749999 0.553125 0.116071428125 0.549553571875 0.158928571875 0.5709821421875 0.158928571875 0.5852678578125 0.1482142859375