0 0.259375 0.5916666671875 0.284375 0.5979166671875 0.28958333281250004 0.590625 0.2635416671875 0.5583333328125 0.234375 0.56875 0.1822916671875 0.5416666671875 0.140625 0.5770833328125 0.12395833281249999 0.5708333328124999 0.09895833281250001 0.59375 0.0302083328125 0.6041666671875 0.0010416671875 0.6 0 0.6302083328125 0.00625 0.6302083328125 0.0802083328125 0.6104166671875 0.1364583328125 0.6145833328125 0.1510416671875 0.60625 0.20729166718749997 0.6041666671875 0.21979166718749998 0.61875 0.259375 0.5916666671875
0 0.05208333281250001 0.5614583328125 0.0385416671875 0.5395833328124999 0.0166666671875 0.553125 0.05208333281250001 0.5614583328125
0 0.06875 0.6072916671875 0.0010416671875 0.6 0.0041666671875 0.6302083328125 0.0260416671875 0.6104166671875 0.06875 0.6072916671875
0 0.0791666671875 0.546875 0.115625 0.5375 0.12291666718750001 0.521875 0.1052083328125 0.5125 0.06979166718749999 0.525 0.060416667187499995 0.5385416671875001 0.0791666671875 0.546875
0 0.055208332812500004 0.5770833328125 0.0427083328125 0.56875 0.0229166671875 0.5760416671875 0.0322916671875 0.5916666671875 0.060416667187499995 0.5927083328125 0.06770833281250001 0.5854166671875001 0.09895833281250001 0.5895833328125 0.1125 0.5802083328125 0.103125 0.5708333328124999 0.065625 0.5666666671875 0.055208332812500004 0.5770833328125
0 0.26875 0.4760416671875 0.2677083328125 0.46666666718750005 0.2541666671875 0.46770833281249996 0.26875 0.4760416671875
0 0.1854166671875 0.503125 0.18020833281249998 0.49583333281249997 0.1604166671875 0.5010416671875 0.165625 0.5125 0.17916666718750002 0.5114583328125 0.1854166671875 0.503125
0 0.2375 0.48645833281249995 0.23020833281250003 0.4770833328125 0.20625 0.48645833281249995 0.2114583328125 0.5 0.22291666718749997 0.49895833281249996 0.2375 0.48645833281249995
0 0.2614583328125 0.525 0.25833333281250004 0.534375 0.26875 0.5364583328125 0.27291666718749996 0.528125 0.2614583328125 0.525
0 0.41770833281249997 0.40416666718750005 0.3760416671875 0.39791666718749996 0.35104166718749996 0.4166666671875 0.334375 0.40833333281249995 0.296875 0.40833333281249995 0.2708333328125 0.4322916671875 0.275 0.459375 0.2479166671875 0.471875 0.259375 0.48541666718750004 0.2760416671875 0.46458333281249997 0.3010416671875 0.475 0.33645833281250004 0.47291666718750003 0.3416666671875 0.48645833281249995 0.33125 0.4947916671875 0.35208333281250004 0.5010416671875 0.353125 0.46666666718750005 0.371875 0.45416666718750004 0.40729166718750004 0.45416666718750004 0.4270833328125 0.434375 0.4291666671875 0.41979166718750005 0.41770833281249997 0.40416666718750005
0 0.5166666671875 0.571875 0.5041666671875 0.5572916671875 0.5020833328125 0.521875 0.48333333281249996 0.5072916671875001 0.484375 0.48125 0.4614583328125 0.49375 0.41979166718750005 0.4770833328125 0.425 0.48645833281249995 0.41770833281249997 0.5 0.365625 0.5020833328125 0.33645833281250004 0.5354166671875 0.3020833328125 0.5510416671875 0.2875 0.5802083328125 0.2927083328125 0.5958333328125 0.3385416671875 0.5958333328125 0.375 0.609375 0.3947916671875 0.5916666671875 0.421875 0.59375 0.421875 0.5833333328125 0.446875 0.5895833328125 0.490625 0.56875 0.5166666671875 0.571875
0 0.734375 0.5145833328125 0.7364583328125 0.4916666671875 0.7604166671875 0.4927083328125 0.7552083328125 0.48541666718750004 0.7291666671875 0.48645833281249995 0.7489583328125 0.48125 0.75 0.4739583328125 0.7260416671875001 0.47291666718750003 0.721875 0.46458333281249997 0.71875 0.48645833281249995 0.6947916671875001 0.49583333281249997 0.675 0.478125 0.678125 0.4375 0.6697916671875 0.47083333281249995 0.559375 0.475 0.5416666671875 0.48854166718750003 0.5322916671875 0.5145833328125 0.5020833328125 0.521875 0.5083333328124999 0.553125 0.5197916671875 0.5625 0.5427083328125 0.5583333328125 0.5614583328125 0.5416666671875 0.6239583328125 0.54375 0.6083333328125 0.5635416671875 0.6270833328125 0.5739583328125 0.7114583328124999 0.5625 0.7114583328124999 0.5479166671875 0.6927083328125 0.5520833328125 0.6708333328125 0.5364583328125 0.7072916671875 0.5104166671875 0.734375 0.5145833328125
0 0.7395833328125 0.546875 0.740625 0.5395833328124999 0.7270833328124999 0.5427083328125 0.7395833328125 0.546875
0 0.7479166671875 0.528125 0.7458333328125 0.534375 0.7541666671875 0.5364583328125 0.759375 0.525 0.7479166671875 0.528125
0 0.7552083328125 0.5395833328124999 0.7520833328125 0.5552083328124999 0.7729166671875001 0.565625 0.7875 0.5447916671875 0.7552083328125 0.5395833328124999
0 0.871875 0.525 0.8645833328125001 0.5364583328125 0.9520833328125 0.5552083328124999 1 0.540625 0.9989583328125 0.4895833328125 0.9260416671874999 0.48541666718750004 0.9020833328125001 0.503125 0.890625 0.5229166671875001 0.871875 0.525
0 0.8520833328125 0.5239583328124999 0.8604166671875 0.5197916671875 0.84375 0.5197916671875 0.8520833328125 0.5239583328124999
0 0.8645833328125001 0.49895833281249996 0.8677083328125 0.4875 0.85 0.4927083328125 0.8645833328125001 0.49895833281249996
0 0.8166666671874999 0.48020833281249997 0.8177083328125001 0.4875 0.8291666671875 0.48645833281249995 0.8302083328125001 0.4770833328125 0.8166666671874999 0.48020833281249997
0 0.8666666671875 0.5364583328125 0.8572916671874999 0.5291666671875 0.8416666671874999 0.5364583328125 0.846875 0.5458333328125 0.8625 0.5447916671875 0.8666666671875 0.5364583328125
0 0.9177083328125001 0.5708333328124999 0.9145833328125 0.5885416671875 0.9333333328125001 0.5927083328125 0.94375 0.5760416671875 0.9177083328125001 0.5708333328124999
0 0.8854166671874999 0.603125 0.8770833328125001 0.5927083328125 0.8875 0.5822916671875 0.8677083328125 0.5666666671875 0.8395833328125001 0.584375 0.846875 0.6 0.8854166671874999 0.603125
0 0.85 0.7135416671875 0.85 0.6947916671875001 0.8625 0.684375 0.8541666671874999 0.6677083328125 0.8958333328125001 0.6552083328125 0.8385416671874999 0.6645833328124999 0.809375 0.6604166671875 0.79375 0.653125 0.7802083328125 0.6291666671875 0.771875 0.6541666671875 0.7052083328125 0.6708333328125 0.6916666671875 0.6885416671875 0.6958333328124999 0.7114583328124999 0.7260416671875001 0.73125 0.771875 0.7270833328124999 0.7770833328125 0.7385416671875 0.76875 0.753125 0.775 0.753125 0.7833333328125 0.7322916671875 0.8052083328125 0.7208333328125 0.8239583328125001 0.71875 0.840625 0.7354166671875 0.8333333328125001 0.7135416671875 0.85 0.7135416671875
0 0.4791666671875 0.640625 0.48229166718750005 0.65 0.5 0.6510416671875 0.49895833281249996 0.6354166671875 0.4791666671875 0.640625
0 0.2791666671875 0.6822916671875 0.2875 0.6677083328125 0.278125 0.6583333328125 0.2635416671875 0.6583333328125 0.2541666671875 0.6677083328125 0.259375 0.68125 0.2791666671875 0.6822916671875
0 0.42083333281249996 0.6885416671875 0.4114583328125 0.675 0.3854166671875 0.6822916671875 0.3927083328125 0.7020833328125 0.41041666718750003 0.703125 0.42083333281249996 0.6885416671875
0 0.5479166671875 0.6885416671875 0.540625 0.66875 0.5020833328125 0.671875 0.503125 0.6895833328125 0.5395833328124999 0.696875 0.5479166671875 0.6885416671875
0 0.54375 0.6489583328124999 0.571875 0.6354166671875 0.5791666671875 0.6197916671875 0.5677083328125 0.6125 0.5364583328125 0.6145833328125 0.5125 0.634375 0.54375 0.6489583328124999
0 0.3875 0.6572916671875 0.3947916671875 0.66875 0.4447916671875 0.6729166671875 0.44375 0.684375 0.4604166671875 0.690625 0.46875 0.6864583328125 0.46458333281249997 0.6614583328125 0.47083333281249995 0.6489583328124999 0.459375 0.6333333328124999 0.4302083328125 0.6354166671875 0.3875 0.6572916671875
0 0.33541666718749996 0.6447916671875 0.3385416671875 0.6541666671875 0.3458333328125 0.653125 0.346875 0.64375 0.33541666718749996 0.6447916671875
0 0.3416666671875 0.6635416671875001 0.3447916671875 0.675 0.3541666671875 0.6739583328125 0.35104166718749996 0.6604166671875 0.3416666671875 0.6635416671875001
0 0.3229166671875 0.615625 0.3260416671875 0.625 0.3375 0.6239583328125 0.3322916671875 0.6104166671875 0.3229166671875 0.615625
0 0.2989583328125 0.6666666671875 0.2916666671875 0.678125 0.3 0.6802083328124999 0.30625 0.671875 0.2989583328125 0.6666666671875
0 0.6239583328125 0.6791666671875001 0.6229166671875 0.6927083328125 0.6333333328124999 0.6947916671875001 0.65 0.6864583328125 0.6239583328125 0.6791666671875001
0 0.6489583328124999 0.60625 0.6458333328125 0.615625 0.65625 0.6197916671875 0.6625 0.6114583328125 0.6489583328124999 0.60625
0 0.8572916671874999 0.7416666671875001 0.8520833328125 0.753125 0.8604166671875 0.7572916671875001 0.86875 0.7489583328125 0.8572916671874999 0.7416666671875001
0 0.4895833328125 0.41770833281249997 0.48854166718750003 0.40625 0.475 0.4114583328125 0.4895833328125 0.41770833281249997
0 0.5208333328125 0.4135416671875 0.5239583328124999 0.42083333281249996 0.5395833328124999 0.41979166718750005 0.5385416671875001 0.40833333281249995 0.5208333328125 0.4135416671875
0 0.1510416671875 0.6104166671875 0.146875 0.6229166671875 0.1197916671875 0.6125 0.0791666671875 0.615625 0.0760416671875 0.6395833328125 0.12291666718750001 0.6447916671875 0.171875 0.6416666671875 0.196875 0.6333333328124999 0.1895833328125 0.621875 0.1979166671875 0.6197916671875 0.18020833281249998 0.6104166671875 0.1510416671875 0.6104166671875