0 0 0.7889195265625 0.01797385625 0.7889195265625 0.060457515625 0.7807495921875 0.0596405234375 0.7211090687499999 0.0383986921875 0.7145731203125 0 0.7202920749999999 0 0.7889195265625
0 0.1405228765625 0.7807495921875 0.1952614375 0.7766646234375 0.19607843125 0.7415339046875 0.17075163437500002 0.7341809640625 0.125 0.7439848859375 0.1209150328125 0.77584763125 0.1405228765625 0.7807495921875
0 0.310457515625 0.7709456703125 0.3333333328125 0.7676776953125 0.328431371875 0.70231821875 0.2802287578125 0.6965992640625001 0.257352940625 0.7047692 0.2614379078125 0.7676776953125 0.310457515625 0.7709456703125
0 0.079248365625 0.6541156046875 0.06944444375 0.64757965625 0.060457515625 0.6516646234375 0.062091503125 0.7268280234375 0.0751633984375 0.728462009375 0.09150326875 0.710488153125 0.098039215625 0.68597835 0.098039215625 0.6516646234375 0.0923202609375 0.641043709375 0.0857843140625 0.641043709375 0.079248365625 0.6541156046875
0 0.4689542484375 0.7595077609375 0.46241830000000006 0.6908803109375 0.39297385625 0.693331290625 0.40032679687500006 0.757873775 0.455882353125 0.7627757359375 0.4689542484375 0.7595077609375
0 0.6119281046875 0.693331290625 0.5596405234375 0.6900633171874999 0.545751634375 0.6974162578125 0.5498366015625 0.7521548203124999 0.614379084375 0.7546058 0.6119281046875 0.693331290625
0 0.7467320265625 0.748069853125 0.776143790625 0.7431678921875 0.7745098046875001 0.6549325984375 0.7279411765625 0.6622855390625 0.706699346875 0.65084763125 0.704248365625 0.7448018796875 0.7467320265625 0.748069853125
0 0.7091503265625 0.7872855390625 0.7099673203125 0.8338541671874999 0.776143790625 0.8338541671874999 0.7753267968750001 0.7815665843749999 0.7091503265625 0.7872855390625
0 0.5375816999999999 0.7954554734375 0.543300653125 0.8338541671874999 0.62418300625 0.8338541671874999 0.6200980390625 0.7897365203125 0.5375816999999999 0.7954554734375
0 0.40032679687500006 0.8036254078124999 0.4060457515625 0.8338541671874999 0.4754901953125 0.8338541671874999 0.47140522812499996 0.7979064546875 0.40032679687500006 0.8036254078124999
0 0.26633986875 0.8101613562500001 0.2671568625 0.8338541671874999 0.3431372546875 0.8338541671874999 0.3374183 0.8044424015624999 0.26633986875 0.8101613562500001
0 0.21650326875 0.8126123359375 0.12581699375 0.818331290625 0.1266339875 0.8338541671874999 0.2107843140625 0.8338541671874999 0.2189542484375 0.819965278125 0.21650326875 0.8126123359375
0 0.64379085 0.7905535125 0.6495098046875001 0.8338541671874999 0.707516340625 0.8338541671874999 0.706699346875 0.7864685453125 0.64379085 0.7905535125
0 0.84150326875 0.7807495921875 0.8455882359375 0.8338541671874999 0.90849673125 0.8338541671874999 0.9060457515625 0.7766646234375 0.84150326875 0.7807495921875
0 0.776143790625 0.7840175656249999 0.778594771875 0.8338541671874999 0.84150326875 0.8338541671874999 0.8374183000000001 0.7782986109375 0.776143790625 0.7840175656249999
0 0.90849673125 0.7333639703125 0.901143790625 0.6737234484375 0.8349673203125001 0.674540440625 0.8374183000000001 0.7390829250000001 0.903594771875 0.73989991875 0.90849673125 0.7333639703125
0 1 0.677808415625 0.9844771234374999 0.676991421875 0.9673202609375 0.68597835 0.9689542484375 0.728462009375 1 0.7333639703125 1 0.677808415625
0 0.9624183000000001 0.659834559375 0.9338235296875 0.6541156046875 0.9297385625000001 0.6696384796875 0.936274509375 0.70395220625 0.9624183000000001 0.7072201796875001 0.9624183000000001 0.659834559375
0 0.9281045750000001 0.622252859375 0.9060457515625 0.6099979578125 0.9052287578125 0.677808415625 0.909313725 0.68352736875 0.9264705875000001 0.6827103765625 0.9281045750000001 0.622252859375
0 1 0.77257965625 0.9419934640625 0.7750306375 0.9428104578125 0.8338541671874999 1 0.8338541671874999 1 0.77257965625
0 0.5702614374999999 0.5748672390625 0.581699346875 0.568331290625 0.5849673203125 0.5536254078125 0.57271241875 0.5446384796875 0.5514705875 0.5462724671875 0.5571895421875 0.5666973046875 0.5702614374999999 0.5748672390625
0 0.2900326796875 0.41065155156250005 0.46323529375000005 0.5119587421875 0.5482026140625 0.5462724671875 0.5571895421875 0.5666973046875 0.5751633984375 0.5732332515625 0.5849673203125 0.55852736875 0.580882353125 0.549540440625 0.44035947656249996 0.451501225 0.303104575 0.371435865625 0.27450980468749997 0.3951286765625 0.2900326796875 0.41065155156250005