0 0.65078125 0.494921875 0.67109375 0.473828125 0.67109375 0.467578125 0.658984375 0.459375 0.649609375 0.44765625 0.634765625 0.44453125 0.580078125 0.41484375 0.557421875 0.4140625 0.533984375 0.4078125 0.526953125 0.403125 0.496484375 0.4078125 0.490234375 0.40546875 0.478515625 0.41015625 0.431640625 0.4453125 0.39921875 0.479296875 0.37578125 0.512109375 0.3515625 0.556640625 0.33671875 0.607421875 0.33828125 0.614453125 0.344921875 0.6234375 0.349609375 0.625 0.443359375 0.625 0.470703125 0.6359375 0.520703125 0.64375 0.59296875 0.649609375 0.6015625 0.644140625 0.60625 0.595703125 0.62734375 0.540234375 0.65078125 0.494921875
0 0.3921875 0.485546875 0.41171875 0.462890625 0.444921875 0.43046875 0.491015625 0.39765625 0.576953125 0.32421875 0.597265625 0.31171875 0.608203125 0.31171875 0.623828125 0.30390625 0.64609375 0.279296875 0.6609375 0.253515625 0.6984375 0.223046875 0.694921875 0.21953125 0.480859375 0.21953125 0.458984375 0.22578125 0.425 0.250390625 0.41640625 0.262109375 0.41953125 0.279296875 0.41484375 0.318359375 0.409375 0.330859375 0.38828125 0.360546875 0.37890625 0.383984375 0.369140625 0.3921875 0.365625 0.379296875 0.361328125 0.38359375 0.359375 0.376171875 0.3546875 0.372265625 0.35546875 0.368359375 0.349609375 0.3671875 0.32109375 0.387890625 0.315625 0.405078125 0.2984375 0.426953125 0.29296875 0.449609375 0.26484375 0.484765625 0.26171875 0.509765625 0.25 0.534765625 0.25 0.548046875 0.254296875 0.553125 0.267578125 0.5640625 0.283984375 0.5703125 0.291796875 0.58046875 0.308984375 0.59296875 0.318359375 0.59296875 0.322265625 0.58828125 0.33046875 0.595703125 0.3296875 0.604296875 0.33359375 0.606640625 0.3421875 0.579296875 0.34296875 0.567578125 0.35078125 0.551953125 0.3921875 0.485546875
0 0.75703125 0.683984375 0.74921875 0.677734375 0.75078125 0.673046875 0.748046875 0.67109375 0.74375 0.677734375 0.7453125 0.689453125 0.741015625 0.69609375 0.73671875 0.694140625 0.7390625 0.680859375 0.73359375 0.677734375 0.734375 0.672265625 0.72734375 0.666015625 0.7265625 0.657421875 0.73046875 0.654296875 0.723046875 0.65 0.643359375 0.6484375 0.631640625 0.65078125 0.610546875 0.64765625 0.592578125 0.65234375 0.574609375 0.6515625 0.471484375 0.63828125 0.441015625 0.62578125 0.348828125 0.62578125 0.34296875 0.630078125 0.3453125 0.644921875 0.35390625 0.651171875 0.365625 0.678515625 0.3671875 0.691015625 0.3890625 0.729296875 0.39296875 0.742578125 0.3953125 0.775390625 0.398828125 0.77890625 0.65625 0.780078125 0.679296875 0.7765625 0.7328125 0.721484375 0.75390625 0.693359375 0.75703125 0.683984375
0 0.784765625 0.65703125 0.8 0.647265625 0.8046875 0.614453125 0.8 0.615234375 0.79921875 0.606640625 0.8078125 0.599609375 0.80625 0.595703125 0.819140625 0.5953125 0.81796875 0.599609375 0.821875 0.601953125 0.82265625 0.607421875 0.827734375 0.609375 0.843359375 0.609375 0.84765625 0.601171875 0.839453125 0.59453125 0.832421875 0.59453125 0.824609375 0.58671875 0.816015625 0.5859375 0.813671875 0.5734375 0.769140625 0.54296875 0.73125 0.501953125 0.7171875 0.477734375 0.709765625 0.47265625 0.688671875 0.47890625 0.67265625 0.493359375 0.64453125 0.549609375 0.615625 0.581640625 0.609375 0.597265625 0.60546875 0.621484375 0.60625 0.646484375 0.616015625 0.653125 0.663671875 0.65546875 0.669140625 0.65234375 0.702734375 0.6515625 0.714453125 0.653125 0.71796875 0.658203125 0.71875 0.664453125 0.7046875 0.684765625 0.7 0.705078125 0.6875 0.727734375 0.678125 0.760546875 0.6796875 0.773046875 0.690234375 0.76640625 0.7359375 0.719140625 0.76796875 0.673828125 0.784765625 0.65703125
0 0.69140625 0.411328125 0.66796875 0.369140625 0.63359375 0.316796875 0.623828125 0.30703125 0.612109375 0.31171875 0.598828125 0.3125 0.585546875 0.31953125 0.538671875 0.35625 0.48671875 0.403515625 0.495703125 0.40625 0.526953125 0.403125 0.557421875 0.4140625 0.580859375 0.41484375 0.604296875 0.43046875 0.626953125 0.43828125 0.631640625 0.44375 0.655078125 0.4546875 0.659765625 0.46328125 0.662890625 0.4625 0.670703125 0.46953125 0.6765625 0.470703125 0.705078125 0.46328125 0.7078125 0.458203125 0.70546875 0.445703125 0.69140625 0.411328125
0 0.35546875 0.652734375 0.34453125 0.635546875 0.338671875 0.6328125 0.301953125 0.6609375 0.27421875 0.689453125 0.27421875 0.694140625 0.30390625 0.712890625 0.344140625 0.7796875 0.39375 0.780078125 0.39609375 0.773046875 0.38984375 0.733203125 0.36875 0.694140625 0.35546875 0.652734375
0 0.282421875 0.61015625 0.258203125 0.60703125 0.27109375 0.637109375 0.27265625 0.658203125 0.2765625 0.662890625 0.284375 0.657421875 0.2921875 0.644921875 0.290625 0.622265625 0.282421875 0.61015625
0 0.125390625 0.659375 0.12109375 0.663671875 0.11953125 0.676171875 0.1359375 0.715234375 0.141015625 0.72109375 0.14765625 0.721484375 0.15234375 0.719140625 0.14921875 0.692578125 0.1328125 0.663671875 0.125390625 0.659375
0 0.105078125 0.584375 0.10390625 0.589453125 0.1140625 0.622265625 0.122265625 0.63359375 0.12578125 0.633203125 0.128125 0.626953125 0.1265625 0.610546875 0.115625 0.593359375 0.105078125 0.584375
0 0.218359375 0.63125 0.188671875 0.628125 0.18671875 0.630859375 0.2 0.648046875 0.225 0.669921875 0.2234375 0.653515625 0.22734375 0.647265625 0.2265625 0.637109375 0.218359375 0.63125
0 0.1203125 0.338671875 0.11875 0.324609375 0.102734375 0.30703125 0.1 0.312890625 0.10546875 0.318359375 0.1046875 0.324609375 0.093359375 0.3296875 0.07890625 0.348828125 0.0796875 0.359765625 0.08671875 0.363671875 0.0828125 0.379296875 0.08828125 0.380859375 0.09765625 0.372265625 0.10078125 0.359765625 0.11328125 0.355859375 0.1203125 0.338671875
0 0.69140625 0.226953125 0.704296875 0.23203125 0.7140625 0.240234375 0.74453125 0.287890625 0.76171875 0.322265625 0.7703125 0.355859375 0.76953125 0.371484375 0.76328125 0.373046875 0.7546875 0.387890625 0.73671875 0.442578125 0.73828125 0.449609375 0.75703125 0.428515625 0.76875 0.407421875 0.77734375 0.380859375 0.7796875 0.352734375 0.7734375 0.291015625 0.76640625 0.257421875 0.75390625 0.221484375 0.750390625 0.21875 0.703515625 0.21875 0.697265625 0.2203125 0.69140625 0.226953125
0 0.62578125 0.569921875 0.6265625 0.564453125 0.636328125 0.5609375 0.6484375 0.546484375 0.66171875 0.518359375 0.666015625 0.5140625 0.6734375 0.513671875 0.66953125 0.505078125 0.68125 0.498046875 0.6765625 0.494140625 0.679296875 0.490625 0.691015625 0.4890625 0.69609375 0.493359375 0.693359375 0.49921875 0.698828125 0.496875 0.699609375 0.5 0.704296875 0.5 0.703125 0.488671875 0.708984375 0.48671875 0.71484375 0.495703125 0.714453125 0.49921875 0.709375 0.497265625 0.712109375 0.503125 0.717578125 0.5046875 0.722265625 0.5015625 0.733203125 0.515625 0.75078125 0.523046875 0.75 0.518359375 0.73515625 0.506640625 0.72421875 0.490234375 0.717578125 0.47109375 0.712109375 0.4703125 0.709765625 0.465625 0.687109375 0.46796875 0.675390625 0.4734375 0.671875 0.480859375 0.663671875 0.484375 0.65078125 0.498046875 0.628125 0.540234375 0.625 0.556640625 0.615625 0.576171875 0.6140625 0.583984375 0.61640625 0.584765625 0.61640625 0.578515625 0.62265625 0.576171875 0.62109375 0.572265625 0.62578125 0.569921875