0 0.421794871875 0.5867788468749999 0.4371794875 0.59703525625 0.44102564062500005 0.5778044875 0.4576923078125 0.568830128125 0.48076923125000004 0.5790865390625 0.458974359375 0.562419871875 0.465384615625 0.5483173078125 0.5205128203125 0.5675480765625001 0.47051282031249997 0.5329326921875001 0.5666666671875 0.53421474375 0.5141025640625 0.5124198718749999 0.4987179484375 0.5226762828125 0.47948717968750004 0.5188301281250001 0.5897435890625 0.4419070515625 0.578205128125 0.43549679531249996 0.5397435890625 0.44318910312500004 0.528205128125 0.4290865390625 0.5538461531250001 0.3675480765625 0.4987179484375 0.3919070515625 0.47948717968750004 0.362419871875 0.44102564062500005 0.331650640625 0.42948717968750005 0.286778846875 0.41794871718750004 0.293189103125 0.415384615625 0.3239583328125 0.43076923125000005 0.3521634609375 0.43461538437499997 0.4047275640625 0.3897435890625 0.3419070515625 0.3769230765625 0.275240384375 0.36666666718749996 0.275240384375 0.384615384375 0.3572916671875 0.3794871796875 0.37524038437499996 0.4102564109375 0.44703525624999996 0.40384615312500005 0.47139423125 0.3371794875 0.40729166718750004 0.278205128125 0.37139423125 0.26923076875 0.37524038437499996 0.3487179484375 0.431650640625 0.38076923125 0.48421474375000007 0.18846153906250002 0.438060896875 0.15128205156250002 0.444471153125 0.1551282046875 0.4534455125 0.2705128203125 0.47139423125 0.3794871796875 0.5085737171875 0.3794871796875 0.531650640625 0.3628205125 0.538060896875 0.3602564109375 0.5508814109375 0.258974359375 0.544471153125 0.26538461562500004 0.5585737171875 0.334615384375 0.5611378203124999 0.353846153125 0.5701121796875 0.3051282046875 0.62139423125 0.27692307656250004 0.664983975 0.284615384375 0.6701121796875 0.324358975 0.6226762828125 0.3551282046875 0.6047275640625001 0.3641025640625 0.606009615625 0.365384615625 0.6278044875 0.3884615390625 0.59703525625 0.421794871875 0.5867788468749999
0 0.5846153843749999 0.588060896875 0.5884615390625 0.599599359375 0.6051282046875001 0.6008814109375 0.6012820515625 0.5893429484375 0.5846153843749999 0.588060896875
0 0.8820512828125 0.7624198718749999 0.8641025640625 0.749599359375 0.8679487171875 0.7611378203125 0.8820512828125 0.7624198718749999
0 0.646153846875 0.662419871875 0.6371794875 0.6457532046875001 0.6358974359375 0.662419871875 0.646153846875 0.662419871875
0 0.7487179484375 0.7342147437500001 0.734615384375 0.7175480765625 0.7333333328125 0.7290865390625 0.7487179484375 0.7342147437500001
0 0.853846153125 0.7803685890625001 0.8423076921874999 0.7637019234375 0.8333333328125001 0.7675480765625 0.853846153125 0.7803685890625001
0 0.758974359375 0.62139423125 0.75 0.6047275640625001 0.7358974359375 0.606009615625 0.758974359375 0.62139423125
0 0.784615384375 0.6726762828124999 0.7884615390625 0.68421474375 0.8102564109375001 0.690625 0.8012820515625 0.6739583328125 0.784615384375 0.6726762828124999
0 0.8115384609375 0.625240384375 0.8051282046875 0.6419070515625 0.828205128125 0.6470352562499999 0.825641025 0.631650640625 0.8115384609375 0.625240384375
0 0.815384615625 0.716266025 0.821794871875 0.7329326921875 0.846153846875 0.7393429484375 0.834615384375 0.7201121796875001 0.815384615625 0.716266025
0 0.7205128203125 0.7265224359375 0.7358974359375 0.706009615625 0.7294871796875 0.699599359375 0.715384615625 0.706009615625 0.7192307687499999 0.712419871875 0.7025641031250001 0.7137019234374999 0.7205128203125 0.7265224359375
0 0.8205128203125 0.790625 0.796153846875 0.7534455125 0.7769230765625 0.7547275640625 0.8205128203125 0.790625
0 0.652564103125 0.5893429484375 0.6512820515625 0.6034455125 0.674358975 0.618830128125 0.6897435890625 0.675240384375 0.7051282046875 0.6854967953125 0.6923076921875 0.65985576875 0.6923076921875 0.6419070515625 0.7025641031250001 0.636778846875 0.697435896875 0.616266025 0.678205128125 0.614983975 0.652564103125 0.5893429484375
0 0.81923076875 0.4739583328125 0.8128205124999999 0.4829326921875 0.825641025 0.48549679531249995 0.828205128125 0.475240384375 0.81923076875 0.4739583328125
0 0.853846153125 0.55985576875 0.847435896875 0.5508814109375 0.8384615390624999 0.5547275640625 0.853846153125 0.55985576875
0 0.8589743593750001 0.5470352562499999 0.8717948718749999 0.5419070515625 0.846153846875 0.536778846875 0.8589743593750001 0.5470352562499999
0 0.7820512828124999 0.562419871875 0.7871794875 0.5265224359375 0.775641025 0.5201121796875 0.7512820515625 0.536778846875 0.7512820515625 0.5470352562499999 0.7551282046875001 0.5637019234375 0.7820512828124999 0.562419871875
0 0.8487179484375 0.5854967953125 0.8371794875 0.5739583328125 0.828205128125 0.5778044875 0.8487179484375 0.5854967953125
0 0.8794871796875 0.34703525625 0.8794871796875 0.388060896875 0.9051282046875 0.39575320468749997 0.928205128125 0.38036858906250004 0.93076923125 0.34703525625 0.91923076875 0.33806089687499996 0.896153846875 0.3457532046875 0.8884615390624999 0.3329326921875 0.8794871796875 0.34703525625
0 0.8692307687499999 0.34959935937500003 0.8551282046875001 0.3226762828125 0.828205128125 0.3419070515625 0.8692307687499999 0.34959935937500003
0 0.8692307687499999 0.2675480765625 0.8807692312500001 0.28934294843749997 0.9 0.28806089687499997 0.8987179484375 0.2585737171875 0.8692307687499999 0.2675480765625
0 0.224358975 0.2534455125 0.22051282031250002 0.264983975 0.23589743593749998 0.2726762828125 0.2384615390625 0.26241987187500004 0.224358975 0.2534455125
0 0.0871794875 0.2983173078125 0.09358974375 0.31241987187500003 0.1128205125 0.31113782031250004 0.1012820515625 0.29703525625 0.0871794875 0.2983173078125
0 0.41923076875 0.1893429484375 0.415384615625 0.2085737171875 0.425641025 0.2085737171875 0.43076923125000005 0.19318910312499998 0.41923076875 0.1893429484375
0 0.43333333281249997 0.2778044875 0.4384615390625 0.2521634609375 0.4487179484375 0.24959935937500002 0.4448717953125 0.2354967953125 0.4230769234375 0.2675480765625 0.4230769234375 0.2778044875 0.43333333281249997 0.2778044875
0 0.174358975 0.49831730781249994 0.178205128125 0.481650640625 0.1384615390625 0.490625 0.174358975 0.49831730781249994
0 0.20897435937500003 0.48677884687499995 0.1871794875 0.49831730781249994 0.21538461562500003 0.506009615625 0.23589743593749998 0.49318910312500003 0.20897435937500003 0.48677884687499995
0 0.5307692312500001 0.34959935937500003 0.5294871796875 0.340625 0.5205128203125 0.344471153125 0.5307692312500001 0.34959935937500003
0 0.6384615390625 0.6034455125 0.615384615625 0.5931891031250001 0.624358975 0.6047275640625001 0.6384615390625 0.6034455125
0 0.5384615390625 0.6880608968749999 0.534615384375 0.6765224359374999 0.5307692312500001 0.6854967953125 0.5384615390625 0.6880608968749999
0 0.5320512828124999 0.5701121796875 0.5512820515625 0.5701121796875 0.5416666671875 0.558360896875 0.5320512828124999 0.5701121796875
0 0.525641025 0.5615660250000001 0.5277769234374999 0.535925 0.51923076875 0.53485576875 0.515384615625 0.544471153125 0.525641025 0.5615660250000001