0 0.5474358968749999 0.494471153125 0.6166666671875001 0.5124198718749999 0.64358974375 0.488060896875 0.6333333328124999 0.4521634609375 0.646153846875 0.431650640625 0.6679487171875 0.41754807656250004 0.7012820515625 0.42011217968750003 0.7102564109375 0.40088141093749996 0.6551282046875 0.399599359375 0.6397435890625001 0.386778846875 0.6217948718749999 0.39703525625 0.608974359375 0.37139423125 0.5628205125 0.3611378203125 0.5487179484375 0.3778044875 0.54358974375 0.42139423125000003 0.5205128203125 0.43677884687499996 0.524358975 0.481650640625 0.48974358906250004 0.4675480765625 0.48974358906250004 0.4393429484375 0.48076923125000004 0.4329326921875 0.4820512828125 0.47267628281249996 0.46794871718750003 0.47139423125 0.4576923078125 0.49190705156250003 0.43461538437499997 0.49190705156250003 0.3884615390625 0.5278044875 0.365384615625 0.525240384375 0.33076923125 0.544471153125 0.3371794875 0.5637019234375 0.365384615625 0.566266025 0.3858974359375 0.540625 0.4448717953125 0.58421474375 0.458974359375 0.5829326921875 0.47820512812500005 0.5354967953124999 0.4884615390625 0.5611378203124999 0.521794871875 0.566266025 0.5307692312500001 0.5419070515625 0.546153846875 0.536778846875 0.5474358968749999 0.494471153125
0 0.4448717953125 0.4534455125 0.4615384609375 0.45985576874999995 0.4628205125 0.4739583328125 0.48076923125000004 0.47139423125 0.4769230765625 0.43677884687499996 0.4884615390625 0.43036858906250003 0.5102564109375 0.44959935937499995 0.5 0.45985576874999995 0.5128205125 0.45985576874999995 0.515384615625 0.4393429484375 0.5051282046875001 0.4265224359375 0.51923076875 0.43549679531249996 0.528205128125 0.42139423125000003 0.515384615625 0.42139423125000003 0.5129641031250001 0.4117070515625 0.5064102562499999 0.414983975 0.4948717953125 0.40088141093749996 0.5102564109375 0.38036858906250004 0.503846153125 0.3278044875 0.48333333281249996 0.3226762828125 0.4628205125 0.3354967953125 0.45641025625 0.32652243593749997 0.47179487187499997 0.32139423125 0.46025641093749997 0.31241987187500003 0.452564103125 0.3226762828125 0.42435897499999997 0.3175480765625 0.40512820468750005 0.32652243593749997 0.4166666671875 0.3354967953125 0.35 0.340625 0.3641025640625 0.34703525625 0.3551282046875 0.356009615625 0.324358975 0.34831730781250003 0.3269230765625 0.3585737171875 0.34102564062499996 0.35985576875 0.3320512828125 0.37139423125 0.2948717953125 0.3726762828125 0.29230769218749997 0.40600961562500004 0.3076923078125 0.416266025 0.284615384375 0.42395833281249995 0.2820512828125 0.444471153125 0.3128205125 0.464983975 0.30641025625 0.468830128125 0.324358975 0.47139423125 0.3384615390625 0.4675480765625 0.32820512812499997 0.4521634609375 0.3397435890625 0.45600961562500003 0.3487179484375 0.44703525624999996 0.3333333328125 0.43677884687499996 0.347435896875 0.4329326921875 0.35128205156250003 0.45472756406250003 0.34102564062499996 0.4675480765625 0.3615384609375 0.4829326921875 0.3641025640625 0.49831730781249994 0.408974359375 0.49190705156250003 0.408974359375 0.481650640625 0.421794871875 0.481650640625 0.4269230765625 0.494471153125 0.43333333281249997 0.48549679531249995 0.4205128203125 0.475240384375 0.4230769234375 0.464983975 0.4448717953125 0.4534455125
0 0.2448717953125 0.5047275640625 0.21538461562500003 0.5239583328124999 0.2076923078125 0.6008814109375 0.23333333281250002 0.631650640625 0.31538461562500003 0.6111378203125 0.3205128203125 0.5572916671875 0.3358974359375 0.53421474375 0.324358975 0.538060896875 0.3012820515625 0.5047275640625 0.2448717953125 0.5047275640625
0 0.5487179484375 0.6111378203125 0.5487179484375 0.6419070515625 0.55641025625 0.6419070515625 0.5628205125 0.6072916671875 0.5487179484375 0.6111378203125
0 0.565384615625 0.5893429484375 0.574358975 0.6008814109375 0.5628205125 0.581650640625 0.55 0.585925 0.55 0.6021634609375 0.5628205125 0.6021634609375 0.565384615625 0.5893429484375
0 0.5333333328125 0.6085737171875001 0.546153846875 0.6085737171875001 0.541025640625 0.590625 0.5455128203124999 0.587419871875 0.5358974359374999 0.590625 0.5333333328125 0.6085737171875001
0 0.4076923078125 0.675240384375 0.4141025640625 0.7021634609375 0.4384615390625 0.7034455125 0.4371794875 0.6713942312500001 0.4076923078125 0.675240384375
0 0.446153846875 0.6085737171875001 0.4384615390625 0.588060896875 0.4269230765625 0.58421474375 0.41794871718750004 0.6111378203125 0.43076923125000005 0.6342147437500001 0.446153846875 0.6085737171875001
0 0.48076923125000004 0.6278044875 0.45384615312500004 0.6290865390625 0.4512820515625 0.6701121796875 0.4820512828125 0.6726762828124999 0.5012820515625 0.6713942312500001 0.4987179484375 0.6585737171875 0.5205128203125 0.6547275640625 0.5141025640625 0.612419871875 0.49102564062500004 0.6098557687499999 0.48076923125000004 0.6278044875
0 0.8128205124999999 0.41883012812500003 0.7884615390625 0.394471153125 0.7807692312500001 0.4021634609375 0.7705128203125 0.3919070515625 0.7423076921875 0.394471153125 0.7487179484375 0.388060896875 0.7397435890625 0.3790865390625 0.721794871875 0.3765224359375 0.70641025625 0.42011217968750003 0.6653846156250001 0.42011217968750003 0.6384615390625 0.444471153125 0.6358974359375 0.462419871875 0.646153846875 0.4778044875 0.6384615390625 0.5137019234375 0.6641025640625 0.5419070515625 0.6666666671875 0.5701121796875 0.678205128125 0.5611378203124999 0.6948717953125 0.5701121796875 0.7012820515625 0.540625 0.70641025625 0.5483173078125 0.708974359375 0.540625 0.7320512828125 0.5457532046875 0.8179487171875 0.53421474375 0.8128205124999999 0.41883012812500003
0 0.674358975 0.5701121796875 0.6948717953125 0.5495993593749999 0.6371794875 0.543189103125 0.6666666671875 0.5393429484375 0.6576923078125 0.5175480765625 0.64358974375 0.5213942312500001 0.6576923078125 0.5278044875 0.6115384609375 0.5329326921875001 0.6012820515625 0.5226762828125 0.5935897437500001 0.5329326921875001 0.5833333328125 0.5201121796875 0.5794871796875001 0.5393429484375 0.5948717953125 0.544471153125 0.578205128125 0.543189103125 0.575641025 0.5611378203124999 0.5320512828124999 0.5534455125 0.5102564109375 0.5778044875 0.51923076875 0.5765224359375 0.5230769234375 0.588060896875 0.502564103125 0.616266025 0.5166666671875 0.6278044875 0.515384615625 0.618830128125 0.5269230765625 0.6175480765625 0.5423076921875001 0.6329326921875 0.5423076921875001 0.6226762828125 0.5769230765625 0.631650640625 0.5935897437500001 0.6175480765625 0.6294871796875 0.6175480765625 0.6551282046875 0.5867788468749999 0.6602564109375 0.594471153125 0.6833333328125 0.5867788468749999 0.674358975 0.5701121796875
0 0.44230769218750005 0.414983975 0.43589743593749997 0.43421474375 0.4512820515625 0.444471153125 0.47179487187499997 0.42395833281249995 0.44230769218750005 0.414983975
0 0.45 0.4534455125 0.4230769234375 0.464983975 0.446153846875 0.48549679531249995 0.4615384609375 0.475240384375 0.45 0.4534455125