0 0.195 0 0.1661111109375 0.0111111109375 0.1616666671875 0.004444443750000001 0.15944444375 0.013333332812500001 0.15277777812499999 0.0066666671875 0.15055555625 0.022222221875 0.12833333281249998 0.013333332812500001 0.127222221875 0.61444444375 0.1516666671875 0.63 0.1438888890625 0.642222221875 0.132777778125 0.6266666671875 0.127222221875 0.6411111109375 0.1261111109375 0.6777777781250001 0.14055555625 0.6611111109375 0.14055555625 0.68555555625 0.13055555624999998 0.682222221875 0.127222221875 0.6900000000000001 0.127222221875 0.7788888890625 0.145 0.8011111109375 0.127222221875 0.8211111109375 0.12944444375 0.847777778125 0.1438888890625 0.8488888890625 0.167222221875 0.832222221875 0.1861111109375 0.78444444375 0.29944444375 0.8333333328125001 0.327222221875 0.85444444375 0.352777778125 0.89555555625 0.377222221875 0.9 0.397222221875 0.8800000000000001 0.412777778125 0.8933333328125 0.44166666718750003 0.8911111109375 0.49055555625 0.9088888890625 0.515 0.8888888890625 0.527222221875 0.8966666671875 0.5438888890625 0.937777778125 0.6383333328125 0.9677777781250001 0.6716666671875 0.9011111109375 0.692777778125 0.8866666671875001 0.735 0.8800000000000001 0.76944444375 0.8366666671875 0.767222221875 0.8233333328124999 0.755 0.8177777781250001 0.7261111109375 0.8311111109375 0.6972222218749999 0.82444444375 0.6516666671875 0.8522222218750001 0.6561111109375 0.82555555625 0.6738888890625 0.807777778125 0.6627777781249999 0.75 0.675 0.74444444375 0.6950000000000001 0.7511111109375 0.6961111109375 0.77444444375 0.712777778125 0.78 0.722777778125 0.7611111109375 0.705 0.7433333328125 0.7072222218750001 0.73444444375 0.7505555562499999 0.7288888890624999 0.7849999999999999 0.687777778125 0.7816666671875 0.67555555625 0.752777778125 0.6799999999999999 0.7316666671875 0.6611111109375 0.80055555625 0.5522222218749999 0.80055555625 0.4766666671875 0.7916666671875 0.447777778125 0.80055555625 0.4188888890625 0.8494444437500001 0.39 0.8672222218750001 0.347777778125 0.862777778125 0.2988888890625 0.8138888890624999 0.25 0.827222221875 0.212222221875 0.817222221875 0.2066666671875 0.7883333328125001 0.24 0.775 0.24 0.727222221875 0.19 0.745 0.16999999999999998 0.737222221875 0.1488888890625 0.6861111109375 0.162222221875 0.6538888890625 0.13888888906250002 0.6516666671875 0.09444444375 0.6116666671875 0.05444444375 0.6183333328125 0.02555555625 0.62944444375 0.0166666671875 0.6216666671875 0 0.195 0
0 0.2316666671875 0.86555555625 0.24055555625 0.8522222218750001 0.23722222187500003 0.8422222218750001 0.225 0.8455555562500001 0.2338888890625 0.85 0.225 0.8566666671875 0.2316666671875 0.86555555625
0 0.25944444375 0.8488888890625 0.24055555625 0.8633333328124999 0.2538888890625 0.8744444437500001 0.265 0.867777778125 0.25944444375 0.8488888890625
0 0.1716666671875 0.9811111109375 0.17055555625000002 1 0.1983333328125 0.9988888890625001 0.195 0.9733333328124999 0.1716666671875 0.9811111109375
0 0.28055555625 0.9988888890625001 0.265 0.9811111109375 0.2561111109375 0.947777778125 0.23722222187500003 0.9444444437499999 0.22722222187500002 0.972222221875 0.2338888890625 0.9966666671875 0.28055555625 0.9988888890625001
0 0.1716666671875 0.8611111109375 0.1961111109375 0.8833333328125 0.1961111109375 0.9011111109375 0.21833333281249998 0.9366666671875 0.2316666671875 0.9388888890624999 0.24055555625 0.9188888890625 0.225 0.8766666671875001 0.207222221875 0.872222221875 0.2138888890625 0.8411111109375 0.172777778125 0.837777778125 0.1716666671875 0.8611111109375
0 0.14944444375 0.95 0.1583333328125 0.9211111109375001 0.1416666671875 0.9088888890625 0.127222221875 0.9233333328125 0.125 0.9411111109375 0.132777778125 0.9511111109374999 0.14944444375 0.95
0 0.34722222187499996 0.9988888890625001 0.335 0.98444444375 0.307222221875 0.9988888890625001 0.34722222187499996 0.9988888890625001
0 0.5316666671875 0.93444444375 0.5216666671875 0.92444444375 0.5061111109375 0.9266666671875001 0.502777778125 0.9544444437499999 0.525 0.9544444437499999 0.5316666671875 0.93444444375
0 0.35611111093750003 0.99 0.35944444375 1 0.42277777812500006 0.9988888890625001 0.38388888906249996 0.9733333328124999 0.35611111093750003 0.99
0 0.4516666671875 0.9855555562499999 0.482777778125 0.9677777781250001 0.48166666718749995 0.9488888890625 0.46388888906250003 0.9444444437499999 0.4338888890625 0.9588888890625 0.4338888890625 0.9833333328125 0.4516666671875 0.9855555562499999
0 0.847222221875 0.79444444375 0.83944444375 0.78444444375 0.8261111109374999 0.78444444375 0.8183333328125 0.8033333328125 0.8361111109375001 0.812222221875 0.847222221875 0.79444444375
0 0.825 0.5566666671875 0.85055555625 0.5533333328125 0.8561111109375 0.5366666671875 0.8461111109375 0.5288888890625 0.817222221875 0.5355555562500001 0.8116666671875 0.55 0.825 0.5566666671875
0 0.6238888890625 0 0.6316666671875 0.0166666671875 0.6116666671875 0.0411111109375 0.622777778125 0.07444444375 0.6516666671875 0.092222221875 0.655 0.10888888906250001 0.675 0.09555555624999999 0.7016666671875 0.102222221875 0.7138888890625 0.1366666671875 0.73944444375 0.14666666718750002 0.7516666671875 0.16999999999999998 0.7505555562499999 0.142222221875 0.8083333328125001 0.13999999999999999 0.8150000000000001 0.12 0.827222221875 0.12555555625 0.8138888890624999 0.13888888906250002 0.8294444437499999 0.1433333328125 0.8283333328125 0.15555555625 0.8372222218750001 0.14666666718750002 0.8761111109374999 0.15444444375 0.8761111109374999 0.0011111109375000002 0.6727777781250001 0 0.655 0.0266666671875 0.6505555562499999 0 0.6238888890625 0