0 0.250909090625 0.20900568125 0.1963636359375 0.24900568125000003 0.1927272734375 0.2708238640625 0.2 0.2926420453125 0.23272727343750002 0.32536931875 0.250909090625 0.3908238640625 0.2654545453125 0.39809659062499997 0.269090909375 0.44536931874999997 0.2527272734375 0.46173295468750003 0.2272727265625 0.458096590625 0.22181818125000002 0.4744602265625 0.2563636359375 0.48355113593750004 0.28181818125 0.4726420453125 0.3036363640625 0.4944602265625 0.33999999999999997 0.498096590625 0.3472727265625 0.5126420453125 0.36 0.5144602265625 0.36 0.5035511359375 0.3727272734375 0.4944602265625 0.390909090625 0.498096590625 0.3945454546875 0.5126420453125 0.410909090625 0.5108238640625 0.39272727343749997 0.4926420453125 0.3854545453125 0.45991477343750004 0.41272727343750004 0.43264204531250006 0.4272727265625 0.43264204531250006 0.45272727343749997 0.4726420453125 0.46181818124999996 0.4671875 0.45454545468749996 0.4635511359375 0.46181818124999996 0.4417329546875 0.45454545468749996 0.39809659062499997 0.48181818125 0.39991477343750004 0.4872727265625 0.3726420453125 0.4745454546875 0.3635511359375 0.46181818124999996 0.3726420453125 0.45636363593749996 0.3926420453125 0.45454545468749996 0.3726420453125 0.44000000000000006 0.36900568125 0.4254545453125 0.3399147734375 0.44000000000000006 0.32536931875 0.43636363593749994 0.3108238640625 0.4454545453125 0.2944602265625 0.45818181874999997 0.296278409375 0.449090909375 0.30900568125 0.4727272734375 0.3144602265625 0.4763636359375 0.27809659062500003 0.45636363593749996 0.24718749999999998 0.41272727343750004 0.2399147734375 0.40181818125 0.2071875 0.350909090625 0.21082386406250003 0.2927272734375 0.1671875 0.2272727265625 0.1671875 0.22181818125000002 0.1726420453125 0.250909090625 0.20900568125
0 0.5345454546874999 0.3726420453125 0.530909090625 0.36900568125 0.530909090625 0.358096590625 0.549090909375 0.3508238640625 0.549090909375 0.33627840937500003 0.5363636359374999 0.3271875 0.5163636359375 0.32900568125 0.52 0.33627840937500003 0.52 0.3544602265625 0.510909090625 0.356278409375 0.50181818125 0.36536931875 0.5054545453125 0.36900568125 0.509090909375 0.39809659062499997 0.5163636359375 0.39809659062499997 0.5254545453125 0.38900568125 0.530909090625 0.3871875 0.530909090625 0.376278409375 0.5345454546874999 0.3726420453125
0 0.5545454546874999 0.5453693187499999 0.5709090906250001 0.5435511359375 0.5709090906250001 0.5290056812499999 0.57818181875 0.5144602265625 0.57818181875 0.45264204531249996 0.58181818125 0.44900568124999996 0.5854545453125 0.4199147734375 0.5763636359375 0.40355113593749997 0.550909090625 0.40355113593749997 0.549090909375 0.41264204531250004 0.5436363640625 0.418096590625 0.5363636359374999 0.418096590625 0.5272727265625 0.4235511359375 0.5272727265625 0.43082386406250006 0.5345454546874999 0.43446022656250005 0.5345454546874999 0.4635511359375 0.530909090625 0.4671875 0.530909090625 0.48173295468750005 0.5272727265625 0.48536931875 0.5236363640625 0.5108238640625 0.5054545453125 0.5144602265625 0.5072727265625 0.5271874999999999 0.52181818125 0.5271874999999999 0.5236363640625 0.5326420453125 0.5345454546874999 0.5399147734375 0.5272727265625 0.5544602265624999 0.5327272734374999 0.5599147734375001 0.5454545453125 0.558096590625 0.549090909375 0.5544602265624999 0.5454545453125 0.5471874999999999 0.550909090625 0.5417329546875 0.5545454546874999 0.5453693187499999
0 0.49090909062500004 0.5944602265625 0.4963636359375 0.5999147734375 0.5054545453125 0.598096590625 0.5036363640625 0.58536931875 0.4963636359375 0.58536931875 0.49090909062500004 0.5908238640625 0.49090909062500004 0.5944602265625
0 0.58 0.26536931875 0.5890909093750001 0.2635511359375 0.5872727265625 0.2544602265625 0.5745454546875 0.256278409375 0.5745454546875 0.25991477343749997 0.58 0.26536931875
0 0.5690909093750001 0.2908238640625 0.57818181875 0.28900568125000003 0.58181818125 0.28536931875 0.5763636359375 0.2799147734375 0.5672727265625 0.2817329546875 0.5690909093750001 0.2908238640625
0 0.6327272734375 0.3617329546875 0.630909090625 0.3526420453125 0.61818181875 0.3544602265625 0.62 0.3635511359375 0.6327272734375 0.3617329546875
0 0.5654545453125001 0.24718749999999998 0.5745454546875 0.24536931874999998 0.5745454546875 0.2417329546875 0.5690909093750001 0.23627840937500003 0.5636363640625001 0.23809659062500002 0.5654545453125001 0.24718749999999998
0 0.5563636359374999 0.24536931874999998 0.5563636359374999 0.23809659062500002 0.550909090625 0.23627840937500003 0.549090909375 0.24536931874999998 0.5563636359374999 0.24536931874999998
0 0.55818181875 0.22173295468749998 0.5636363640625001 0.2199147734375 0.5636363640625001 0.216278409375 0.55818181875 0.21082386406250003 0.5527272734374999 0.216278409375 0.55818181875 0.22173295468749998
0 0.4945454546875 0.21264204531250003 0.5 0.21446022656250002 0.5036363640625 0.22173295468749998 0.5054545453125 0.2199147734375 0.509090909375 0.20173295468750002 0.5 0.1999147734375 0.4945454546875 0.20536931875 0.4945454546875 0.21264204531250003
0 0.4945454546875 0.2744602265625 0.49818181875 0.28536931875 0.509090909375 0.28536931875 0.5127272734375 0.2744602265625 0.5072727265625 0.26900568125 0.5 0.26900568125 0.4945454546875 0.2744602265625
0 0.45818181874999997 0.2199147734375 0.46181818124999996 0.21264204531250003 0.45272727343749997 0.21082386406250003 0.450909090625 0.2199147734375 0.45818181874999997 0.2199147734375
0 0.250909090625 0.7471875 0.250909090625 0.7508238640625 0.2563636359375 0.756278409375 0.2654545453125 0.7544602265625 0.269090909375 0.7471875 0.2636363640625 0.7417329546875 0.2563636359375 0.7417329546875 0.250909090625 0.7471875