0 0.83515625 0.436328125 0.83984375 0.434765625 0.81484375 0.433984375 0.816015625 0.43671875 0.83515625 0.436328125
0 0.7609375 0.608203125 0.765625 0.612109375 0.76640625 0.574609375 0.765625 0.570703125 0.761328125 0.56875 0.7609375 0.608203125
0 0.753125 0.551953125 0.765625 0.555859375 0.76796875 0.533203125 0.756640625 0.52734375 0.753125 0.533984375 0.753125 0.551953125
0 0.7953125 0.519921875 0.792578125 0.5171875 0.788671875 0.525 0.784765625 0.51875 0.77890625 0.522265625 0.78046875 0.573046875 0.7828125 0.580078125 0.7859375 0.580859375 0.78828125 0.536328125 0.791796875 0.53984375 0.796875 0.537890625 0.7953125 0.519921875
0 0.803515625 0.5046875 0.8015625 0.517578125 0.80546875 0.532421875 0.80625 0.555078125 0.81953125 0.587890625 0.8171875 0.615234375 0.82421875 0.619140625 0.82890625 0.590234375 0.8140625 0.555859375 0.80859375 0.509765625 0.803515625 0.5046875
0 0.858984375 0.34765625 0.8515625 0.345703125 0.859375 0.323828125 0.85859375 0.294140625 0.85390625 0.285546875 0.839453125 0.27265625 0.828515625 0.26875 0.816796875 0.26953125 0.787890625 0.28671875 0.783984375 0.29765625 0.7703125 0.298046875 0.771875 0.310546875 0.768359375 0.33359375 0.761328125 0.3234375 0.73671875 0.333203125 0.749609375 0.34921875 0.772265625 0.36171875 0.79140625 0.366015625 0.79921875 0.408203125 0.804296875 0.41484375 0.81328125 0.419140625 0.808203125 0.4234375 0.827734375 0.43203125 0.8609375 0.437890625 0.8640625 0.426953125 0.86875 0.348828125 0.865234375 0.34453125 0.858984375 0.34765625
0 0.704296875 0.69609375 0.68125 0.700390625 0.683203125 0.703125 0.69765625 0.703515625 0.713671875 0.7 0.7171875 0.693359375 0.71484375 0.687890625 0.704296875 0.69609375
0 0.65859375 0.698046875 0.661328125 0.703125 0.6703125 0.705078125 0.678125 0.699609375 0.67890625 0.693359375 0.675390625 0.6859375 0.65859375 0.698046875
0 0.9328125 0.769921875 0.93828125 0.771484375 0.93984375 0.764453125 0.937109375 0.76015625 0.9328125 0.762890625 0.9328125 0.769921875
0 0.9578125 0.776171875 0.9625 0.773828125 0.964453125 0.7640625 0.95546875 0.769140625 0.9578125 0.776171875
0 0.91484375 0.780078125 0.92265625 0.78125 0.94140625 0.780078125 0.927734375 0.7796875 0.921484375 0.77265625 0.91484375 0.780078125
0 0.86171875 0.763671875 0.857421875 0.7703125 0.848828125 0.76484375 0.8328125 0.768359375 0.833984375 0.771875 0.841015625 0.77265625 0.847265625 0.778125 0.859375 0.779296875 0.8734375 0.776171875 0.866796875 0.74296875 0.8625 0.744140625 0.86171875 0.763671875
0 0.075 0.533203125 0.083203125 0.5640625 0.108203125 0.55 0.11640625 0.541015625 0.11015625 0.515234375 0.1125 0.489453125 0.1109375 0.445703125 0.12578125 0.395703125 0.125 0.379296875 0.122265625 0.37578125 0.102734375 0.39140625 0.094921875 0.3703125 0.0890625 0.376171875 0.086328125 0.38828125 0.080078125 0.39140625 0.062890625 0.39140625 0.075 0.402734375 0.075 0.423828125 0.060546875 0.434375 0.042578125 0.43828125 0.0296875 0.450390625 0.031640625 0.45390625 0.041015625 0.45625 0.043359375 0.44921875 0.04453125 0.462890625 0.041015625 0.46484375 0.039453125 0.4625 0.0390625 0.466015625 0.043359375 0.46640625 0.047265625 0.47265625 0.051171875 0.46953125 0.05234375 0.471484375 0.05078125 0.497265625 0.045703125 0.4984375 0.043359375 0.49140625 0.037109375 0.49140625 0.03046875 0.501171875 0.0265625 0.517578125 0.03515625 0.569140625 0.04375 0.575390625 0.05 0.536328125 0.056640625 0.525 0.066015625 0.525 0.075 0.533203125
0 0.7828125 0.437109375 0.78203125 0.430859375 0.776171875 0.43046875 0.773046875 0.4265625 0.7640625 0.430859375 0.76484375 0.439453125 0.76171875 0.446484375 0.76484375 0.454296875 0.7625 0.456640625 0.7640625 0.466015625 0.759765625 0.46875 0.757421875 0.465625 0.7546875 0.470703125 0.75703125 0.493359375 0.76953125 0.494140625 0.7796875 0.470703125 0.7796875 0.447265625 0.78828125 0.442578125 0.7828125 0.437109375