0 0.74921875 0.6859375 0.7609375 0.675 0.7875 0.66875 0.7953125 0.66171875 0.80546875 0.63671875 0.821875 0.609375 0.834375 0.60078125 0.8484375 0.60078125 0.86015625 0.59609375 0.87109375 0.55859375 0.89140625 0.52890625 0.89453125 0.5171875 0.8890625 0.50546875 0.85703125 0.4921875 0.83359375 0.47265625 0.82265625 0.46015625 0.8140625 0.43984375 0.8109375 0.40390625 0.81953125 0.3359375 0.825 0.24921875 0.8234375 0.23125 0.81328125 0.22578125 0.6671875 0.2203125 0.53359375 0.2234375 0.49453125 0.2328125 0.4796875 0.23203125 0.4546875 0.22421875 0.440625 0.22421875 0.4203125 0.240625 0.4171875 0.25 0.4046875 0.265625 0.4046875 0.27578125 0.4140625 0.28515625 0.43984375 0.29453125 0.44609375 0.3046875 0.45 0.39296875 0.4671875 0.46875 0.46953125 0.49609375 0.475 0.51015625 0.49140625 0.53203125 0.503125 0.559375 0.52734375 0.5734375 0.5546875 0.58203125 0.565625 0.5890625 0.58359375 0.60625 0.60390625 0.63984375 0.6125 0.70234375 0.6125 0.740625 0.6078125 0.78125 0.753125 0.78125 0.74609375 0.7140625 0.74921875 0.6859375
0 0.47890625 0.753125 0.47890625 0.640625 0.48515625 0.63515625 0.465625 0.6171875 0.459375 0.60625 0.453125 0.60546875 0.42890625 0.609375 0.40234375 0.6234375 0.38671875 0.63359375 0.365625 0.6546875 0.359375 0.66796875 0.35625 0.68984375 0.35546875 0.75625 0.34453125 0.7578125 0.33828125 0.7640625 0.3296875 0.765625 0.3296875 0.78125 0.38125 0.77890625 0.38671875 0.78125 0.46796875 0.78125 0.4734375 0.77734375 0.47890625 0.753125
0 0.1515625 0.5296875 0.1546875 0.534375 0.1671875 0.5328125 0.17109375 0.5265625 0.16953125 0.5234375 0.178125 0.51953125 0.1828125 0.50859375 0.1796875 0.4875 0.16953125 0.48515625 0.1609375 0.48828125 0.15390625 0.49765625 0.1515625 0.5296875
0 0.359375 0.380078125 0.36171875 0.372265625 0.353515625 0.36796875 0.3515625 0.377734375 0.359375 0.380078125
0 0.3890625 0.356640625 0.39140625 0.362109375 0.4015625 0.364453125 0.4046875 0.362109375 0.4046875 0.355078125 0.392578125 0.35 0.3890625 0.356640625
0 0.36015625 0.330078125 0.3609375 0.339453125 0.368359375 0.34765625 0.37109375 0.347265625 0.37421875 0.342578125 0.371875 0.332421875 0.363671875 0.3265625 0.36015625 0.330078125
0 0.308203125 0.34921875 0.30234375 0.353515625 0.305078125 0.3640625 0.31796875 0.366015625 0.33125 0.364453125 0.3328125 0.360546875 0.326171875 0.3515625 0.308203125 0.34921875
0 0.21875 0.351171875 0.21796875 0.364453125 0.222265625 0.3734375 0.23046875 0.374609375 0.2375 0.363671875 0.2375 0.348046875 0.226953125 0.33984375 0.21875 0.351171875
0 0.092578125 0.23203125 0.079296875 0.23203125 0.07421875 0.238671875 0.07421875 0.251953125 0.08203125 0.255859375 0.093359375 0.253125 0.0984375 0.247265625 0.09921875 0.238671875 0.092578125 0.23203125
0 0.144921875 0.27890625 0.1375 0.282421875 0.13515625 0.292578125 0.14609375 0.298046875 0.153125 0.294921875 0.1546875 0.286328125 0.149609375 0.2796875 0.144921875 0.27890625
0 0.1015625 0.322265625 0.105859375 0.32578125 0.1125 0.325390625 0.115625 0.323046875 0.1140625 0.312109375 0.101953125 0.31171875 0.1015625 0.322265625
0 0.000390625 0.2265625 0 0.252734375 0.00546875 0.252734375 0.0109375 0.249609375 0.01171875 0.238671875 0.009375 0.232421875 0.000390625 0.2265625
0 0.326171875 0.30625 0.32421875 0.315234375 0.33125 0.320703125 0.334375 0.319140625 0.33515625 0.310546875 0.330859375 0.30625 0.326171875 0.30625
0 0.4203125 0.312890625 0.42109375 0.319140625 0.4328125 0.321484375 0.43828125 0.317578125 0.4375 0.311328125 0.423046875 0.309375 0.4203125 0.312890625