0 0.2958333328125 0.359375 0.30416666718749996 0.3447916671875 0.2958333328125 0.2927083328125 0.30625 0.2635416671875 0.3416666671875 0.24479166718749998 0.34375 0.2322916671875 0.334375 0.2208333328125 0.2604166671875 0.21979166718749998 0.275 0.2510416671875 0.2625 0.290625 0.27291666718749996 0.3489583328125 0.2625 0.3572916671875 0.2416666671875 0.4114583328125 0.22395833281250002 0.41875 0.1916666671875 0.3947916671875 0.16875 0.35104166718749996 0.1666666671875 0.3177083328125 0.17916666718750002 0.2927083328125 0.18125 0.265625 0.16354166718750002 0.2416666671875 0.121875 0.23125 0.08645833281250001 0.2479166671875 0.040625 0.23125 0.028125 0.21875 0 0.21979166718749998 0.0010416671875 0.3375 0.014583332812499999 0.3239583328125 0.014583332812499999 0.2989583328125 0.0322916671875 0.2875 0.0927083328125 0.325 0.121875 0.3270833328125 0.1364583328125 0.31875 0.14375 0.3260416671875 0.1375 0.3885416671875 0.16458333281249998 0.4322916671875 0.2510416671875 0.4895833328125 0.2760416671875 0.51875 0.3104166671875 0.5260416671875 0.3270833328125 0.515625 0.33125 0.4947916671875 0.30625 0.428125 0.3166666671875 0.41770833281249997 0.3166666671875 0.39895833281250004 0.2958333328125 0.359375
0 0.38125 0.321875 0.3916666671875 0.3239583328125 0.3875 0.2322916671875 0.378125 0.21875 0.3635416671875 0.21875 0.375 0.3072916671875 0.38125 0.321875
0 0.42291666718750004 0.2677083328125 0.409375 0.2625 0.4 0.2760416671875 0.40729166718750004 0.2875 0.4166666671875 0.2864583328125 0.42291666718750004 0.2677083328125
0 0.48333333281249996 0.2364583328125 0.4739583328125 0.2208333328125 0.4145833328125 0.21979166718749998 0.421875 0.22916666718749998 0.4770833328125 0.24895833281250002 0.48333333281249996 0.2364583328125
0 0.5895833328125 0.22395833281250002 0.5979166671875 0.21979166718749998 0.5708333328124999 0.21979166718749998 0.5895833328125 0.22395833281250002
0 0.675 0.2260416671875 0.6854166671875 0.21979166718749998 0.6645833328124999 0.21979166718749998 0.675 0.2260416671875
0 0.809375 0.24375 0.8385416671874999 0.2479166671875 0.8760416671875 0.23541666718749998 0.9635416671874999 0.23333333281250002 0.9833333328125 0.21979166718749998 0.728125 0.21875 0.7291666671875 0.234375 0.70625 0.2635416671875 0.7135416671875 0.27291666718749996 0.734375 0.27291666718749996 0.7583333328124999 0.28854166718749996 0.7958333328125 0.2635416671875 0.796875 0.2479166671875 0.7666666671875 0.2510416671875 0.7739583328124999 0.2375 0.8052083328125 0.23333333281250002 0.809375 0.24375
0 0.8166666671874999 0.2614583328125 0.8177083328125001 0.26875 0.8270833328125 0.2677083328125 0.828125 0.25833333281250004 0.8166666671874999 0.2614583328125
0 0.8739583328125 0.23541666718749998 0.86875 0.246875 0.8770833328125001 0.2510416671875 0.8833333328125 0.240625 0.8739583328125 0.23541666718749998
0 0.9458333328125 0.246875 0.940625 0.23333333281250002 0.9166666671874999 0.2427083328125 0.921875 0.2541666671875 0.9354166671874999 0.2552083328125 0.9458333328125 0.246875
0 1 0.2697916671875 0.9989583328125 0.24375 0.9916666671875 0.2635416671875 1 0.2697916671875
0 0.98125 0.21979166718749998 0.9864583328125001 0.22916666718749998 0.9979166671874999 0.228125 0.9989583328125 0.21875 0.98125 0.21979166718749998
0 0.9572916671874999 0.275 0.9645833328125001 0.2614583328125 0.9239583328125001 0.2645833328125 0.91875 0.2802083328125 0.9333333328125001 0.284375 0.9572916671874999 0.275
0 0.503125 0.2666666671875 0.49583333281249997 0.2822916671875 0.5104166671875 0.2864583328125 0.5145833328125 0.2760416671875 0.503125 0.2666666671875
0 0.6333333328124999 0.2927083328125 0.6416666671875 0.284375 0.6416666671875 0.2677083328125 0.621875 0.2604166671875 0.6125 0.2822916671875 0.6177083328124999 0.2916666671875 0.6333333328124999 0.2927083328125
0 0.721875 0.2833333328125 0.7125 0.2947916671875 0.725 0.3010416671875 0.7333333328125 0.290625 0.721875 0.2833333328125
0 0.8552083328125001 0.2791666671875 0.8375 0.2864583328125 0.8479166671874999 0.296875 0.8583333328125 0.28854166718749996 0.8552083328125001 0.2791666671875
0 0.79375 0.303125 0.775 0.3114583328125 0.7770833328125 0.328125 0.7864583328125 0.3333333328125 0.8052083328125 0.3333333328125 0.8239583328125001 0.31875 0.8354166671875 0.340625 0.8458333328125001 0.3427083328125 0.85 0.3177083328125 0.828125 0.2979166671875 0.8052083328125 0.3083333328125 0.8083333328125001 0.2947916671875 0.796875 0.28958333281250004 0.79375 0.303125
0 0.9197916671874999 0.3020833328125 0.91875 0.3135416671875 0.9291666671875 0.315625 0.93125 0.30520833281250004 0.9197916671874999 0.3020833328125
0 0.9375 0.30520833281250004 0.940625 0.3166666671875 0.9520833328125 0.315625 0.9489583328125001 0.3020833328125 0.9375 0.30520833281250004
0 0.909375 0.33125 0.90625 0.3427083328125 0.9145833328125 0.3447916671875 0.9208333328125 0.334375 0.909375 0.33125
0 0.43854166718750004 0.2916666671875 0.43541666718750005 0.30520833281250004 0.4479166671875 0.309375 0.45208333281249996 0.296875 0.43854166718750004 0.2916666671875
0 0.43333333281249997 0.3552083328125 0.428125 0.3458333328125 0.36875 0.346875 0.3760416671875 0.3604166671875 0.42291666718750004 0.365625 0.43333333281249997 0.3552083328125
0 0.4375 0.4114583328125 0.4604166671875 0.42395833281249995 0.4791666671875 0.409375 0.4791666671875 0.390625 0.4635416671875 0.3708333328125 0.4447916671875 0.3729166671875 0.4302083328125 0.3645833328125 0.4375 0.4114583328125
0 0.4270833328125 0.421875 0.4322916671875 0.43541666718750005 0.44166666718750003 0.434375 0.4427083328125 0.42291666718750004 0.4270833328125 0.421875
0 0.4739583328125 0.4458333328125 0.48333333281249996 0.446875 0.5322916671875 0.4291666671875 0.5333333328125 0.409375 0.509375 0.40208333281249997 0.496875 0.42291666718750004 0.46875 0.434375 0.4739583328125 0.4458333328125
0 0.559375 0.44166666718750003 0.59375 0.446875 0.5979166671875 0.43854166718750004 0.590625 0.43125 0.565625 0.4270833328125 0.546875 0.40625 0.5375 0.4114583328125 0.559375 0.44166666718750003
0 0.5739583328125 0.36666666718749996 0.5479166671875 0.3947916671875 0.5510416671875 0.40416666718750005 0.5583333328125 0.403125 0.5864583328124999 0.3895833328125 0.6385416671875 0.3375 0.68125 0.315625 0.6489583328124999 0.3145833328125 0.6072916671875 0.3541666671875 0.5739583328125 0.36666666718749996
0 0.68125 0.340625 0.6614583328125 0.3291666671875 0.6489583328124999 0.33125 0.6375 0.3489583328125 0.6875 0.484375 0.68125 0.5052083328125 0.7010416671875 0.5375 0.71875 0.5385416671875001 0.7604166671875 0.484375 0.7302083328125 0.4479166671875 0.7135416671875 0.4458333328125 0.6958333328124999 0.428125 0.6791666671875001 0.3614583328125 0.68125 0.340625
0 0.7510416671875 0.3770833328125 0.7354166671875 0.39895833281250004 0.74375 0.40729166718750004 0.7541666671875 0.3885416671875 0.7510416671875 0.3770833328125
0 0.8322916671874999 0.4 0.8354166671875 0.3864583328125 0.8072916671874999 0.3916666671875 0.79375 0.40520833281249996 0.8020833328125001 0.40729166718750004 0.8322916671874999 0.4
0 0.8020833328125001 0.390625 0.7927083328125 0.3708333328125 0.76875 0.384375 0.7760416671875 0.39791666718749996 0.7895833328124999 0.39895833281250004 0.8020833328125001 0.390625
0 0.909375 0.3458333328125 0.9239583328125001 0.3416666671875 0.94375 0.35104166718749996 0.9541666671875 0.3385416671875 0.9427083328125001 0.3375 0.9458333328125 0.3302083328125 0.9385416671875 0.325 0.90625 0.334375 0.909375 0.3458333328125
0 0.9625 0.3447916671875 0.9822916671874999 0.36875 1 0.36770833281250004 0.996875 0.3416666671875 0.9625 0.3447916671875
0 0.9483333328124999 0.3829166671875 0.9427083328125001 0.3729166671875 0.9083333328125001 0.371875 0.9114583328125001 0.3916666671875 0.94375 0.3947916671875 0.9483333328124999 0.3829166671875
0 0.9770833328125 0.4114583328125 1 0.40520833281249996 0.9989583328125 0.38333333281250004 0.9822916671874999 0.38125 0.95625 0.403125 0.9635416671874999 0.4125 0.9770833328125 0.4114583328125
0 0.9 0.4427083328125 0.903125 0.4375 0.8875 0.43645833281249996 0.9 0.4427083328125
0 0.946875 0.42083333281249996 0.9104166671874999 0.434375 0.9354166671874999 0.4447916671875 0.9479166671874999 0.43854166718750004 0.946875 0.42083333281249996
0 0.8760416671875 0.4270833328125 0.8895833328125 0.42604166718750003 0.91875 0.415625 0.9010416671874999 0.3916666671875 0.8645833328125001 0.40520833281249996 0.8677083328125 0.4145833328125 0.8833333328125 0.41979166718750005 0.8760416671875 0.4270833328125
0 0.8625 0.45520833281249995 0.859375 0.4458333328125 0.8375 0.44895833281249997 0.8447916671875 0.4604166671875 0.8541666671874999 0.459375 0.8625 0.45520833281249995
0 0.8458333328125001 0.43645833281249996 0.8520833328125 0.43645833281249996 0.8583333328125 0.421875 0.8541666671874999 0.4010416671875 0.8447916671875 0.3958333328125 0.8416666671874999 0.40520833281249996 0.8520833328125 0.41979166718750005 0.8458333328125001 0.43645833281249996
0 0.878125 0.4479166671875 0.8645833328125001 0.45520833281249995 0.875 0.4614583328125 0.88125 0.459375 0.878125 0.4479166671875
0 0.7854166671875 0.4322916671875 0.8020833328125001 0.42604166718750003 0.7947916671875 0.4145833328125 0.7822916671875 0.4145833328125 0.771875 0.4291666671875 0.7375 0.428125 0.7572916671875001 0.45625 0.765625 0.45625 0.778125 0.4375 0.775 0.453125 0.7833333328125 0.4739583328125 0.8166666671874999 0.48229166718750005 0.8291666671875 0.4739583328125 0.83125 0.44895833281249997 0.815625 0.4458333328125 0.8072916671874999 0.4625 0.7927083328125 0.4625 0.7854166671875 0.4322916671875
0 0.8791666671874999 0.5135416671875 0.846875 0.49583333281249997 0.8375 0.509375 0.8395833328125001 0.521875 0.85 0.521875 0.8791666671874999 0.5135416671875
0 0.9291666671875 0.49895833281249996 0.93125 0.48229166718750005 0.903125 0.475 0.89375 0.4947916671875 0.9166666671874999 0.5052083328125 0.9291666671875 0.49895833281249996
0 0.9583333328125001 0.528125 0.9708333328125001 0.515625 0.96875 0.503125 0.9572916671874999 0.49375 0.9364583328125 0.5 0.93125 0.521875 0.9583333328125001 0.528125
0 0.984375 0.5854166671875001 0.946875 0.5395833328124999 0.9333333328125001 0.540625 0.928125 0.5666666671875 0.9135416671875 0.5458333328125 0.896875 0.5395833328124999 0.878125 0.5458333328125 0.8677083328125 0.525 0.8541666671874999 0.5322916671875 0.859375 0.5520833328125 0.809375 0.55 0.8 0.5572916671875 0.8072916671874999 0.5791666671875 0.8385416671874999 0.5916666671875 0.8677083328125 0.5958333328125 0.9135416671875 0.5854166671875001 0.925 0.6010416671875001 0.9104166671874999 0.609375 0.9125 0.628125 0.903125 0.6354166671875 0.8947916671874999 0.625 0.89375 0.6385416671875 0.88125 0.646875 0.9385416671875 0.65 0.94375 0.6614583328125 0.9645833328125001 0.6489583328124999 0.971875 0.6145833328125 1 0.6072916671875 0.9989583328125 0.5583333328125 0.9895833328125001 0.5635416671875 0.984375 0.5854166671875001
0 0.9979166671874999 0.6760416671875 1 0.6635416671875001 0.9927083328125 0.6583333328125 0.9635416671874999 0.6520833328125 0.9583333328125001 0.659375 0.9697916671875 0.6708333328125 0.9979166671874999 0.6760416671875
0 0.903125 0.6875 0.8760416671875 0.675 0.8604166671875 0.6802083328124999 0.8520833328125 0.7114583328124999 0.8927083328125001 0.74375 0.934375 0.75625 0.9239583328125001 0.78125 1 0.7802083328125 0.9989583328125 0.7020833328125 0.990625 0.7125 0.9697916671875 0.70625 0.9614583328125 0.7125 0.9302083328125 0.6854166671875 0.903125 0.6875
0 0.8458333328125001 0.7447916671875 0.8385416671874999 0.7375 0.8270833328125 0.7385416671875 0.8302083328125001 0.75 0.8416666671874999 0.7510416671875 0.8458333328125001 0.7447916671875
0 0.85625 0.765625 0.871875 0.78125 0.8875 0.78125 0.8677083328125 0.7645833328125 0.85625 0.765625
0 0.909375 0.7666666671875 0.8864583328125001 0.7520833328125 0.8770833328125001 0.7552083328125 0.8822916671875 0.7666666671875 0.9083333328125001 0.778125 0.909375 0.7666666671875
0 0.8145833328125001 0.7114583328124999 0.8197916671875 0.7229166671875 0.8333333328125001 0.7260416671875001 0.8239583328125001 0.7083333328125 0.8145833328125001 0.7114583328124999
0 0.8427083328125 0.725 0.8395833328125001 0.734375 0.8520833328125 0.7385416671875 0.8541666671874999 0.7302083328125 0.8427083328125 0.725
0 0.8052083328125 0.6208333328125 0.7677083328125 0.6166666671875001 0.74375 0.6364583328125 0.7416666671875001 0.6572916671875 0.7635416671875 0.675 0.796875 0.6770833328125 0.803125 0.6875 0.825 0.6927083328125 0.8708333328125001 0.6552083328125 0.8729166671874999 0.6322916671875001 0.859375 0.61875 0.8322916671874999 0.6125 0.8135416671875 0.6291666671875 0.8052083328125 0.6208333328125
0 0.7270833328124999 0.759375 0.7302083328125 0.76875 0.74375 0.7697916671875 0.7447916671875 0.78125 0.7729166671875001 0.78125 0.7552083328125 0.75 0.7270833328124999 0.759375
0 0.734375 0.7 0.725 0.7052083328125 0.7333333328125 0.7197916671875 0.7416666671875001 0.7114583328124999 0.734375 0.7
0 0.725 0.6239583328125 0.725 0.6552083328125 0.73125 0.6572916671875 0.740625 0.6 0.725 0.6239583328125
0 0.7645833328125 0.6072916671875 0.75 0.5697916671875001 0.7302083328125 0.5604166671875 0.7270833328124999 0.565625 0.7416666671875001 0.571875 0.74375 0.5927083328125 0.7645833328125 0.6072916671875
0 0.7885416671875001 0.59375 0.7864583328125 0.5833333328125 0.7666666671875 0.5802083328125 0.7739583328124999 0.5979166671875 0.8083333328125001 0.6010416671875001 0.7885416671875001 0.59375
0 0.7395833328125 0.5572916671875 0.7427083328124999 0.54375 0.73125 0.553125 0.7395833328125 0.5572916671875
0 0.6166666671875001 0.6114583328125 0.6354166671875 0.6260416671875 0.6395833328125 0.671875 0.653125 0.6854166671875 0.6791666671875001 0.6864583328125 0.6895833328125 0.6802083328124999 0.6916666671875 0.665625 0.675 0.6322916671875001 0.6427083328125 0.6 0.6260416671875 0.5958333328125 0.6166666671875001 0.6114583328125
0 0.6583333328125 0.5614583328125 0.6666666671875 0.540625 0.653125 0.53125 0.640625 0.5333333328125 0.6333333328124999 0.553125 0.6447916671875 0.5625 0.6583333328125 0.5614583328125
0 0.58125 0.48229166718750005 0.5864583328124999 0.4916666671875 0.5958333328125 0.490625 0.5927083328125 0.4770833328125 0.58125 0.48229166718750005
0 0.584375 0.5458333328125 0.5875 0.5677083328125 0.5958333328125 0.5677083328125 0.5916666671875 0.546875 0.584375 0.5458333328125
0 0.5614583328125 0.4916666671875 0.5395833328124999 0.503125 0.55 0.5072916671875001 0.5645833328125 0.49895833281249996 0.5614583328125 0.4916666671875
0 0.5208333328125 0.5052083328125 0.521875 0.49791666718750005 0.5125 0.49895833281249996 0.5208333328125 0.5052083328125
0 0.5354166671875 0.5822916671875 0.5395833328124999 0.571875 0.5302083328125 0.5645833328125 0.5177083328125 0.5645833328125 0.5083333328124999 0.5760416671875 0.5135416671875 0.5833333328125 0.5354166671875 0.5822916671875
0 0.54375 0.596875 0.553125 0.6166666671875001 0.5729166671875 0.6197916671875 0.5572916671875 0.5979166671875 0.54375 0.596875
0 0.5708333328124999 0.6572916671875 0.5697916671875001 0.6458333328125 0.5645833328125 0.6552083328125 0.5708333328124999 0.6572916671875
0 0.6114583328125 0.6854166671875 0.6083333328125 0.6947916671875001 0.6166666671875001 0.696875 0.61875 0.6864583328125 0.6114583328125 0.6854166671875
0 0.6729166671875 0.728125 0.6697916671875 0.7145833328125 0.65 0.721875 0.6729166671875 0.728125
0 0.6729166671875 0.703125 0.6760416671875 0.7104166671875001 0.6875 0.709375 0.6802083328124999 0.7 0.6729166671875 0.703125
0 0.5895833328125 0.771875 0.5854166671875001 0.7552083328125 0.59375 0.753125 0.596875 0.7354166671875 0.575 0.753125 0.5770833328125 0.7697916671875 0.5895833328125 0.771875
0 0.6458333328125 0.7802083328125 0.6447916671875 0.7625 0.6229166671875 0.7614583328125 0.6458333328125 0.7802083328125
0 0.6145833328125 0.7802083328125 0.6072916671875 0.76875 0.59375 0.7697916671875 0.6145833328125 0.7802083328125
0 0 0.6677083328125 0.0375 0.6927083328125 0.0208333328125 0.728125 0.0333333328125 0.740625 0.0322916671875 0.7666666671875 0.05208333281250001 0.7614583328125 0.055208332812500004 0.73125 0.103125 0.7020833328125 0.11041666718750001 0.7177083328125 0.128125 0.7229166671875 0.1354166671875 0.7364583328125 0.1177083328125 0.7729166671875001 0.1552083328125 0.7625 0.1604166671875 0.765625 0.1520833328125 0.771875 0.1677083328125 0.78125 0.196875 0.7708333328125 0.21770833281250002 0.78125 0.2864583328125 0.78125 0.2947916671875 0.76875 0.31979166718749996 0.7583333328124999 0.328125 0.76875 0.3385416671875 0.7666666671875 0.3333333328125 0.753125 0.3427083328125 0.7479166671875 0.3625 0.7635416671875 0.365625 0.78125 0.5520833328125 0.7802083328125 0.4947916671875 0.7041666671875 0.4447916671875 0.7229166671875 0.40520833281249996 0.6916666671875 0.359375 0.6875 0.3458333328125 0.6739583328125 0.34375 0.659375 0.3770833328125 0.646875 0.375 0.6072916671875 0.3427083328125 0.6041666671875 0.3333333328125 0.571875 0.3114583328125 0.5541666671875001 0.2947916671875 0.5541666671875001 0.2770833328125 0.5697916671875001 0.24375 0.6364583328125 0.253125 0.6604166671875 0.275 0.665625 0.2760416671875 0.68125 0.3072916671875 0.6708333328125 0.3125 0.6802083328124999 0.30625 0.6947916671875001 0.290625 0.7 0.24895833281250002 0.6916666671875 0.2052083328125 0.71875 0.16354166718750002 0.70625 0.0979166671875 0.6489583328124999 0.0958333328125 0.615625 0.08645833281250001 0.6020833328124999 0.053125 0.60625 0.04375 0.596875 0.0208333328125 0.521875 0.0375 0.5114583328125 0.0645833328125 0.46979166718750004 0.046875 0.46875 0.01875 0.496875 0.0135416671875 0.5125 0 0.453125 0 0.6677083328125
0 0.3552083328125 0.5729166671875 0.38229166718749996 0.5666666671875 0.3729166671875 0.5885416671875 0.3958333328125 0.5947916671875 0.4166666671875 0.534375 0.409375 0.51875 0.3739583328125 0.5479166671875 0.359375 0.54375 0.3416666671875 0.5572916671875 0.3552083328125 0.5729166671875
0 0.45104166718750005 0.5208333328125 0.44375 0.5364583328125 0.4583333328125 0.5447916671875 0.46458333281249997 0.5364583328125 0.45104166718750005 0.5208333328125
0 0.459375 0.575 0.45416666718750004 0.5885416671875 0.46458333281249997 0.590625 0.46875 0.578125 0.459375 0.575
0 0.5208333328125 0.6197916671875 0.5135416671875 0.5979166671875 0.4791666671875 0.603125 0.48854166718750003 0.6270833328125 0.5125 0.628125 0.5208333328125 0.6197916671875
0 0.54375 0.690625 0.546875 0.6791666671875001 0.5375 0.6822916671875 0.54375 0.690625
0 0.7604166671875 0.6635416671875001 0.7489583328125 0.6520833328125 0.7416666671875001 0.6552083328125 0.7604166671875 0.6635416671875001
0 0.7552083328125 0.6708333328125 0.75 0.6864583328125 0.7604166671875 0.6927083328125 0.7625 0.6739583328125 0.7552083328125 0.6708333328125
0 0.7739583328124999 0.7354166671875 0.7697916671875 0.7270833328124999 0.75625 0.740625 0.7625 0.7614583328125 0.7760416671875 0.7791666671875 0.79375 0.7802083328125 0.796875 0.76875 0.8083333328125001 0.7697916671875 0.7958333328125 0.7552083328125 0.7979166671875 0.7427083328124999 0.7885416671875001 0.7333333328125 0.7739583328124999 0.7354166671875
0 0.7291666671875 0.6864583328125 0.721875 0.6770833328125 0.7208333328125 0.6864583328125 0.7291666671875 0.6864583328125
0 0.73125 0.6739583328125 0.728125 0.6645833328124999 0.7166666671875 0.6677083328125 0.73125 0.6739583328125
0 0.7 0.615625 0.6947916671875001 0.60625 0.6895833328125 0.6114583328125 0.7 0.615625
0 0.7208333328125 0.621875 0.7197916671875 0.6125 0.7104166671875001 0.615625 0.7208333328125 0.621875
0 0.73125 0.6552083328125 0.740625 0.6 0.725 0.6239583328125 0.73125 0.6552083328125
0 0.6979166671875 0.634375 0.68125 0.615625 0.6885416671875 0.6041666671875 0.671875 0.6 0.6625 0.6072916671875 0.6677083328125 0.6229166671875 0.6979166671875 0.634375
0 0.6989583328125 0.5666666671875 0.6979166671875 0.5822916671875 0.7104166671875001 0.584375 0.7270833328124999 0.5760416671875 0.6989583328125 0.5666666671875
0 0.2416666671875 0.6614583328125 0.23854166718749997 0.6541666671875 0.20625 0.6614583328125 0.209375 0.6708333328125 0.22916666718749998 0.6697916671875 0.2416666671875 0.6614583328125
0 0.215625 0.5854166671875001 0.2125 0.5947916671875 0.2270833328125 0.603125 0.23541666718749998 0.5864583328124999 0.215625 0.5854166671875001
0 0.10833333281249999 0.6135416671875 0.11145833281249999 0.625 0.12291666718750001 0.6239583328125 0.1197916671875 0.6104166671875 0.10833333281249999 0.6135416671875
0 0.1552083328125 0.6583333328125 0.1364583328125 0.6520833328125 0.1270833328125 0.6572916671875 0.1427083328125 0.66875 0.1583333328125 0.6677083328125 0.1552083328125 0.6583333328125
0 0.1895833328125 0.7135416671875 0.178125 0.6979166671875 0.175 0.709375 0.1895833328125 0.7135416671875
0 1 0.509375 0.996875 0.4916666671875 0.9666666671874999 0.4947916671875 1 0.509375
0 0.9833333328125 0.45520833281249995 0.9833333328125 0.465625 1 0.4739583328125 0.996875 0.4479166671875 0.9833333328125 0.45520833281249995