0 0.5859375 0.387890625 0.579296875 0.378125 0.537109375 0.36328125 0.5390625 0.368359375 0.53515625 0.375390625 0.53515625 0.387890625 0.5421875 0.394921875 0.5359375 0.399609375 0.53828125 0.474609375 0.545703125 0.4796875 0.5515625 0.479296875 0.565234375 0.4765625 0.57265625 0.469921875 0.58359375 0.441796875 0.5859375 0.387890625
0 0.519140625 0.4625 0.528515625 0.46171875 0.53046875 0.454296875 0.53515625 0.450390625 0.530078125 0.4421875 0.523046875 0.43984375 0.513671875 0.4421875 0.509375 0.436328125 0.51328125 0.429296875 0.50625 0.422265625 0.508984375 0.41875 0.516796875 0.42265625 0.52109375 0.420703125 0.51640625 0.415234375 0.51796875 0.407421875 0.52578125 0.399609375 0.514453125 0.39140625 0.505078125 0.39296875 0.501171875 0.40390625 0.48125 0.415234375 0.491015625 0.41875 0.490625 0.423046875 0.4828125 0.425390625 0.46953125 0.445703125 0.4828125 0.451171875 0.4796875 0.466015625 0.4734375 0.473828125 0.476171875 0.47734375 0.483203125 0.475 0.48671875 0.466015625 0.494921875 0.459375 0.4984375 0.462109375 0.496875 0.470703125 0.5 0.473828125 0.4953125 0.478515625 0.49609375 0.481640625 0.5078125 0.482421875 0.51796875 0.470703125 0.509375 0.457421875 0.514453125 0.4578125 0.519140625 0.4625
0 0.5765625 0.576171875 0.588671875 0.56875 0.5953125 0.560546875 0.596875 0.547265625 0.590234375 0.54140625 0.576171875 0.5390625 0.566015625 0.5484375 0.562890625 0.54296875 0.556640625 0.54296875 0.553515625 0.55 0.540625 0.558203125 0.53984375 0.562890625 0.545703125 0.56484375 0.550390625 0.5734375 0.557421875 0.57421875 0.5640625 0.580078125 0.56171875 0.586328125 0.5546875 0.590234375 0.553125 0.595703125 0.5578125 0.599609375 0.573046875 0.58515625 0.580859375 0.5875 0.584375 0.583984375 0.5765625 0.576171875
0 0.434765625 0.47265625 0.423828125 0.478125 0.4125 0.478515625 0.4125 0.481640625 0.419921875 0.4828125 0.427734375 0.49375 0.43984375 0.494921875 0.45 0.486328125 0.44921875 0.480078125 0.443359375 0.47421875 0.434765625 0.47265625
0 0.460546875 0.50234375 0.44453125 0.505859375 0.44453125 0.511328125 0.457421875 0.52265625 0.4671875 0.523046875 0.4734375 0.514453125 0.471484375 0.49765625 0.466015625 0.49609375 0.460546875 0.50234375
0 0.5 0.516015625 0.501171875 0.51953125 0.52734375 0.521484375 0.53671875 0.513671875 0.530859375 0.50625 0.512890625 0.50390625 0.5 0.516015625
0 0.484375 0.529296875 0.485546875 0.53671875 0.50390625 0.539453125 0.519140625 0.53828125 0.52265625 0.533203125 0.500390625 0.52578125 0.484375 0.529296875
0 0.4921875 0.631640625 0.494921875 0.63984375 0.50390625 0.641796875 0.51171875 0.630859375 0.505859375 0.6203125 0.500390625 0.621875 0.4921875 0.631640625
0 0.437109375 0.70234375 0.43359375 0.706640625 0.43671875 0.726171875 0.44296875 0.727734375 0.45546875 0.712890625 0.4546875 0.705859375 0.445703125 0.7015625 0.437109375 0.70234375
0 0.659765625 0.70703125 0.643359375 0.70625 0.63515625 0.715234375 0.63359375 0.732421875 0.6453125 0.737890625 0.659765625 0.73046875 0.665625 0.722265625 0.665625 0.712109375 0.659765625 0.70703125
0 0.629296875 0.7453125 0.61953125 0.755859375 0.615625 0.768359375 0.63203125 0.768359375 0.646875 0.757421875 0.64765625 0.751171875 0.643359375 0.7453125 0.629296875 0.7453125
0 0.75234375 0.526171875 0.74765625 0.506640625 0.738671875 0.5015625 0.724609375 0.5015625 0.71484375 0.512109375 0.7171875 0.519921875 0.715625 0.530859375 0.72890625 0.535546875 0.736328125 0.53359375 0.738671875 0.52890625 0.749609375 0.52890625 0.75234375 0.526171875
0 0.921484375 0.69140625 0.906640625 0.696875 0.90078125 0.703515625 0.89765625 0.717578125 0.9046875 0.719140625 0.9046875 0.726953125 0.90703125 0.727734375 0.908984375 0.72265625 0.917578125 0.71953125 0.921875 0.713671875 0.921484375 0.69140625
0 0.879296875 0.7375 0.8703125 0.751171875 0.87265625 0.765234375 0.8828125 0.767578125 0.896875 0.748828125 0.89609375 0.741015625 0.890234375 0.7359375 0.879296875 0.7375
0 0.92265625 0.645703125 0.92109375 0.636328125 0.912890625 0.6328125 0.90546875 0.635546875 0.90234375 0.642578125 0.90390625 0.650390625 0.90078125 0.654296875 0.902734375 0.659375 0.909375 0.660546875 0.9140625 0.658203125 0.913671875 0.65390625 0.92109375 0.650390625 0.92265625 0.645703125
0 0.980078125 0.5140625 0.97265625 0.518359375 0.97109375 0.526953125 0.976171875 0.53203125 0.9828125 0.531640625 0.98671875 0.528515625 0.98828125 0.521484375 0.984765625 0.515625 0.980078125 0.5140625
0 0.772265625 0.34296875 0.764453125 0.334375 0.748828125 0.3328125 0.740234375 0.3203125 0.711328125 0.3125 0.70703125 0.305859375 0.70703125 0.295703125 0.702734375 0.29375 0.7 0.303515625 0.70078125 0.323046875 0.70625 0.345703125 0.712109375 0.34765625 0.712109375 0.33984375 0.723828125 0.34609375 0.741796875 0.3453125 0.748828125 0.35078125 0.76015625 0.352734375 0.778515625 0.35234375 0.78203125 0.348046875 0.779296875 0.34375 0.772265625 0.34296875
0 0.5859375 0.288671875 0.59453125 0.292578125 0.5984375 0.290234375 0.596875 0.283984375 0.583203125 0.278125 0.5859375 0.288671875
0 0.3890625 0.764453125 0.389453125 0.771875 0.39921875 0.773046875 0.409375 0.767578125 0.408203125 0.759375 0.394921875 0.75859375 0.3890625 0.764453125
0 0.487109375 0.56484375 0.47265625 0.572265625 0.473828125 0.5765625 0.47890625 0.576171875 0.483203125 0.5859375 0.4890625 0.585546875 0.50234375 0.575390625 0.50234375 0.571484375 0.495703125 0.56484375 0.487109375 0.56484375
0 0.5 0.587890625 0.51640625 0.590234375 0.51953125 0.587109375 0.5140625 0.580859375 0.504296875 0.5765625 0.5 0.587890625
0 0.393359375 0.54296875 0.38984375 0.553515625 0.4015625 0.554296875 0.409375 0.550390625 0.409375 0.544140625 0.404296875 0.540625 0.393359375 0.54296875
0 0.294921875 0.52421875 0.28984375 0.533203125 0.2890625 0.536328125 0.29140625 0.536328125 0.308984375 0.53203125 0.3125 0.523828125 0.305078125 0.52109375 0.294921875 0.52421875
0 0.262109375 0.49140625 0.259375 0.495703125 0.26015625 0.505078125 0.2703125 0.506640625 0.278125 0.501953125 0.278125 0.497265625 0.270703125 0.49140625 0.262109375 0.49140625
0 0.289453125 0.65703125 0.284375 0.666015625 0.2984375 0.668359375 0.303125 0.666015625 0.3046875 0.660546875 0.298828125 0.65625 0.289453125 0.65703125
0 0.26328125 0.662890625 0.266796875 0.67109375 0.27265625 0.670703125 0.2796875 0.668359375 0.279296875 0.6609375 0.269140625 0.659375 0.26328125 0.662890625
0 0.3890625 0.614453125 0.3875 0.622265625 0.394921875 0.63046875 0.403125 0.630859375 0.41484375 0.622265625 0.405859375 0.61015625 0.399609375 0.60859375 0.3890625 0.614453125
0 0 0.633203125 0.00546875 0.633203125 0.01640625 0.627734375 0.01875 0.622265625 0.016015625 0.61875 0.006640625 0.61875 0 0.623828125 0 0.633203125
0 0.799609375 0.603125 0.790625 0.612109375 0.7859375 0.623046875 0.8046875 0.628515625 0.81484375 0.621484375 0.81640625 0.613671875 0.809765625 0.6046875 0.799609375 0.603125
0 0.59296875 0.708984375 0.59375 0.716015625 0.6015625 0.718359375 0.61171875 0.708984375 0.608984375 0.703125 0.598828125 0.703125 0.59296875 0.708984375
0 0.580859375 0.67421875 0.58046875 0.690234375 0.58828125 0.693359375 0.59609375 0.687890625 0.596875 0.682421875 0.584765625 0.6734375 0.580859375 0.67421875
0 0.56171875 0.602734375 0.562109375 0.61015625 0.57734375 0.611328125 0.58359375 0.604296875 0.580078125 0.59921875 0.573046875 0.596875 0.56171875 0.602734375
0 0.75234375 0.533203125 0.753125 0.548046875 0.7578125 0.551171875 0.77265625 0.538671875 0.771484375 0.52890625 0.756640625 0.5296875 0.75234375 0.533203125
0 0.74765625 0.505078125 0.74765625 0.510546875 0.753515625 0.515625 0.759375 0.515234375 0.7640625 0.511328125 0.7640625 0.503515625 0.754296875 0.4984375 0.74765625 0.505078125
0 0.48515625 0.361328125 0.48515625 0.367578125 0.490234375 0.3734375 0.5 0.374609375 0.50390625 0.371484375 0.501953125 0.3640625 0.494921875 0.36015625 0.48515625 0.361328125
0 0.28359375 0.242578125 0.284765625 0.25 0.296875 0.251953125 0.29921875 0.244921875 0.295703125 0.24140625 0.286328125 0.23984375 0.28359375 0.242578125
0 0.4734375 0.521484375 0.478515625 0.52578125 0.4828125 0.525390625 0.4875 0.512890625 0.476171875 0.51015625 0.47265625 0.516015625 0.4734375 0.521484375
0 0.475 0.498046875 0.478515625 0.50390625 0.48515625 0.504296875 0.49375 0.498046875 0.491796875 0.4921875 0.480859375 0.49375 0.475 0.498046875
0 0.50625 0.373046875 0.50625 0.380078125 0.51484375 0.381640625 0.52265625 0.372265625 0.516796875 0.3671875 0.511328125 0.3671875 0.50625 0.373046875
0 0.53984375 0.541015625 0.545703125 0.54765625 0.55078125 0.547265625 0.55546875 0.544140625 0.55546875 0.540234375 0.541015625 0.5328125 0.53984375 0.541015625
0 0.461328125 0.69609375 0.471875 0.697265625 0.4765625 0.692578125 0.474609375 0.68515625 0.4609375 0.687890625 0.461328125 0.69609375
0 0.51328125 0.663671875 0.517578125 0.66796875 0.52421875 0.668359375 0.53046875 0.663671875 0.5296875 0.658203125 0.514453125 0.65625 0.51328125 0.663671875
0 0.5765625 0.634765625 0.58515625 0.637109375 0.58828125 0.630078125 0.580859375 0.6265625 0.57578125 0.630859375 0.5765625 0.634765625
0 0.41328125 0.584765625 0.41171875 0.592578125 0.42109375 0.594140625 0.43125 0.584765625 0.429296875 0.5796875 0.422265625 0.57890625 0.41328125 0.584765625
0 0.458984375 0.48046875 0.450390625 0.48203125 0.448828125 0.47578125 0.439453125 0.471875 0.424609375 0.47734375 0.4125 0.477734375 0.4125 0.482421875 0.419921875 0.484375 0.428515625 0.49453125 0.440625 0.494921875 0.448828125 0.48984375 0.461328125 0.4890625 0.4625 0.483203125 0.458984375 0.48046875
0 0.58125 0.621484375 0.5859375 0.623828125 0.5953125 0.616796875 0.592578125 0.6125 0.58203125 0.616015625 0.58125 0.621484375
0 0.55078125 0.654296875 0.55625 0.654296875 0.565234375 0.653125 0.56875 0.644921875 0.559765625 0.64453125 0.55078125 0.654296875
0 0.549609375 0.6375 0.55625 0.637890625 0.56015625 0.634765625 0.557421875 0.6296875 0.5484375 0.633203125 0.549609375 0.6375
0 0.5390625 0.623828125 0.540234375 0.628125 0.54609375 0.628515625 0.5515625 0.623046875 0.550390625 0.6171875 0.543359375 0.61875 0.5390625 0.623828125
0 0.544921875 0.5875 0.553125 0.588671875 0.552734375 0.58046875 0.546484375 0.58046875 0.5421875 0.583984375 0.544921875 0.5875
0 0.49921875 0.555859375 0.501171875 0.56015625 0.51484375 0.561328125 0.51875 0.556640625 0.516796875 0.55390625 0.505078125 0.553125 0.49921875 0.555859375
0 0.32265625 0.277734375 0.3296875 0.278515625 0.33515625 0.266796875 0.323828125 0.265625 0.325 0.274609375 0.32265625 0.277734375
0 0.81328125 0.754296875 0.81171875 0.761328125 0.81640625 0.762890625 0.8234375 0.758984375 0.823046875 0.7515625 0.818359375 0.75078125 0.81328125 0.754296875
0 0.815625 0.738671875 0.815625 0.741796875 0.82109375 0.744140625 0.8265625 0.739453125 0.826171875 0.7328125 0.819140625 0.734375 0.815625 0.738671875
0 0.52265625 0.589453125 0.528125 0.590234375 0.534375 0.585546875 0.533203125 0.58046875 0.5234375 0.584765625 0.52265625 0.589453125
0 0.4875 0.602734375 0.487890625 0.60546875 0.49296875 0.605859375 0.49921875 0.600390625 0.496484375 0.59609375 0.491796875 0.596875 0.4875 0.602734375
0 0.42734375 0.623046875 0.4359375 0.626171875 0.440625 0.623046875 0.44140625 0.618359375 0.433984375 0.615625 0.42734375 0.623046875
0 0.44921875 0.608984375 0.45234375 0.606640625 0.451171875 0.6015625 0.44296875 0.605859375 0.44921875 0.608984375
0 0.590234375 0.31171875 0.58984375 0.323046875 0.593359375 0.32734375 0.60078125 0.329296875 0.60234375 0.323828125 0.5984375 0.315234375 0.594140625 0.3109375 0.590234375 0.31171875
0 0.565234375 0.309375 0.57421875 0.310546875 0.574609375 0.30390625 0.568359375 0.30234375 0.56328125 0.305078125 0.565234375 0.309375
0 0.9859375 0.602734375 0.9875 0.607421875 0.99453125 0.608984375 0.9984375 0.605859375 0.9984375 0.600390625 0.988671875 0.5984375 0.9859375 0.602734375
0 0.91796875 0.564453125 0.922265625 0.56953125 0.928125 0.569921875 0.93203125 0.566796875 0.93125 0.559765625 0.921484375 0.55703125 0.91796875 0.564453125
0 0.74375 0.430859375 0.75 0.433203125 0.75546875 0.430859375 0.75546875 0.426953125 0.745703125 0.4234375 0.74375 0.430859375
0 0.74765625 0.483203125 0.7515625 0.477734375 0.741796875 0.475 0.73984375 0.478515625 0.74765625 0.483203125
0 0.521875 0.707421875 0.526171875 0.71328125 0.52890625 0.712890625 0.534375 0.705859375 0.531640625 0.7015625 0.526171875 0.7015625 0.521875 0.707421875
0 0.495703125 0.65078125 0.5015625 0.651171875 0.50546875 0.648046875 0.503515625 0.64375 0.49453125 0.645703125 0.495703125 0.65078125
0 0.48671875 0.670703125 0.4921875 0.672265625 0.49765625 0.666015625 0.496484375 0.66328125 0.491015625 0.6640625 0.48671875 0.670703125
0 0.54296875 0.766796875 0.546875 0.760546875 0.541796875 0.7578125 0.53828125 0.766015625 0.54296875 0.766796875