0 0.8324999999999999 0.333125 0.8262499999999999 0.353125 0.82875 0.361875 0.8418749999999999 0.3725 0.85625 0.37312500000000004 0.865625 0.37124999999999997 0.88125 0.35562499999999997 0.885 0.335625 0.8768750000000001 0.325 0.850625 0.32125 0.8324999999999999 0.333125
0 0.83375 0.45437500000000003 0.8262499999999999 0.515625 0.8275 0.526875 0.8387499999999999 0.530625 0.8462500000000001 0.5193749999999999 0.85125 0.48187499999999994 0.85 0.45437500000000003 0.844375 0.445 0.838125 0.44625000000000004 0.83375 0.45437500000000003
0 0.85 0.6756249999999999 0.8612500000000001 0.6681250000000001 0.851875 0.65 0.835625 0.65 0.8237500000000001 0.659375 0.8306250000000001 0.67125 0.85 0.6756249999999999
0 0.725625 0.6012500000000001 0.7306250000000001 0.5974999999999999 0.7462500000000001 0.604375 0.71375 0.541875 0.7125 0.528125 0.701875 0.51625 0.7025 0.551875 0.7175 0.591875 0.725625 0.6012500000000001
0 0.9800000000000001 0.545625 0.976875 0.5375 0.9375 0.578125 0.93 0.595625 0.93875 0.595625 0.94625 0.591875 0.9487500000000001 0.5806250000000001 0.960625 0.57875 0.9625 0.568125 0.975 0.559375 0.9800000000000001 0.545625
0 0.530625 0.24125000000000002 0.530625 0.26125 0.5443749999999999 0.2625 0.545625 0.25625 0.548125 0.26375000000000004 0.561875 0.26375000000000004 0.590625 0.28250000000000003 0.596875 0.29625 0.61 0.29812500000000003 0.61125 0.313125 0.62625 0.32687499999999997 0.6375 0.34562499999999996 0.6375 0.356875 0.64125 0.356875 0.64125 0.319375 0.625 0.26187499999999997 0.5756249999999999 0.23500000000000001 0.548125 0.23500000000000001 0.541875 0.2425 0.530625 0.24125000000000002
0 0.48624999999999996 0.215625 0.48312499999999997 0.23374999999999999 0.449375 0.24375 0.425625 0.24125000000000002 0.40750000000000003 0.255625 0.40437500000000004 0.26375000000000004 0.39249999999999996 0.26937500000000003 0.39 0.281875 0.393125 0.29500000000000004 0.40812499999999996 0.28125 0.471875 0.275 0.485 0.313125 0.4875 0.335625 0.49749999999999994 0.356875 0.50625 0.356875 0.52 0.316875 0.5237499999999999 0.25187499999999996 0.51875 0.210625 0.5118750000000001 0.205 0.499375 0.205 0.48624999999999996 0.215625
0 0.506875 0.575 0.49312500000000004 0.575 0.48687500000000006 0.58375 0.46687500000000004 0.5825 0.45999999999999996 0.6131249999999999 0.45562500000000006 0.61625 0.449375 0.61 0.4425 0.6118750000000001 0.468125 0.63 0.505 0.640625 0.534375 0.6325000000000001 0.55625 0.619375 0.54875 0.591875 0.5443749999999999 0.5875 0.535625 0.5925 0.506875 0.575
0 0.398125 0.4575 0.388125 0.4575 0.37625000000000003 0.46187500000000004 0.385 0.499375 0.41 0.500625 0.43875000000000003 0.48562500000000003 0.44875 0.46687500000000004 0.44437499999999996 0.45999999999999996 0.403125 0.45875000000000005 0.40062499999999995 0.4625 0.398125 0.4575
0 0.586875 0.5075000000000001 0.61875 0.510625 0.6325000000000001 0.501875 0.635625 0.4625 0.608125 0.45999999999999996 0.5775 0.47562499999999996 0.57625 0.491875 0.586875 0.5075000000000001
0 0.3775 0.354375 0.3775 0.340625 0.38375 0.330625 0.385 0.301875 0.380625 0.28625 0.3725 0.32937500000000003 0.3775 0.354375
0 0.6375 0.41937499999999994 0.6331249999999999 0.41500000000000004 0.61875 0.42062499999999997 0.620625 0.43125 0.635 0.433125 0.6375 0.41937499999999994
0 0.62375 0.37687499999999996 0.6325000000000001 0.38687499999999997 0.64 0.371875 0.63625 0.36062500000000003 0.64125 0.356875 0.630625 0.34125 0.62375 0.349375 0.62375 0.37687499999999996
0 0.5296425 0.7375 0.5265175 0.746875 0.4990175 0.756875 0.47151750000000003 0.746875 0.4677675 0.7381249999999999 0.4427675 0.723125 0.4365175 0.714375 0.4002675 0.696875 0.3790175 0.7006249999999999 0.3771425 0.705 0.38276750000000004 0.704375 0.38339249999999997 0.70875 0.3777675 0.7068749999999999 0.3740175 0.714375 0.3302675 0.715625 0.3146425 0.7224999999999999 0.28392875 0.7214287500000001 0.28571375 0.76428625 0.3196425 0.7491075 0.34821375 0.76580375 0.39821375 0.78544625 0.5026787500000001 0.8095537500000001 0.6383924999999999 0.8125 0.6446425 0.8074999999999999 0.6415175 0.7068749999999999 0.5902675000000001 0.716875 0.5602674999999999 0.714375 0.5252675 0.7318749999999999 0.5296425 0.7375
0 0.15437499999999998 0.20875 0.129375 0.20625 0.1125 0.24562499999999998 0.10874999999999999 0.289375 0.12375 0.313125 0.13999999999999999 0.328125 0.13999999999999999 0.340625 0.15 0.34187500000000004 0.1775 0.30062500000000003 0.18875 0.238125 0.19 0.21437499999999998 0.184375 0.20875 0.165625 0.21749999999999997 0.15437499999999998 0.20875
0 0.038072499999999995 0.4309475 0.027347500000000004 0.41003375000000003 0.02500375 0.40080625000000003 0.02500375 0.33205625 0.03250375 0.32955625 0.03250375 0.31455625 0.02062875 0.31518125 0.01250375 0.36455625 0.01875375 0.43455625 0.046253749999999996 0.53455625 0.06500375 0.55830625 0.06625375 0.53580625 0.06059375 0.52478625 0.046878750000000004 0.49268124999999996 0.04250375 0.48580625 0.04125375 0.44455625000000004 0.038072499999999995 0.4309475