0 0.09807692343749999 0.384134615625 0.109615384375 0.38798076875 0.125 0.3572115390625 0.11730769218749999 0.3456730765625 0.122115384375 0.321634615625 0.11538461562499999 0.32451923125 0.09807692343749999 0.37451923125 0.09807692343749999 0.384134615625
0 0.0173076921875 0.3610576921875 0.00673076875 0.3485576921875 0 0.3514423078125 0.0173076921875 0.3610576921875
0 0.0480769234375 0.4206730765625 0.044230768749999996 0.4322115390625 0.059615384375000004 0.4322115390625 0.0625 0.41201923125000006 0.0480769234375 0.4206730765625
0 0.059615384375000004 0.49567307656250004 0.059615384375000004 0.5052884609375 0.0673076921875 0.5052884609375 0.06826923124999999 0.48701923125 0.059615384375000004 0.49567307656250004
0 0.0634615390625 0.61875 0.084615384375 0.609134615625 0.0605769234375 0.6081730765625 0.0634615390625 0.61875
0 0.158653846875 0.5639423078125 0.13269230781250002 0.572596153125 0.1423076921875 0.57451923125 0.21538461562500003 0.56875 0.158653846875 0.5639423078125
0 0.12019230781250001 0.440865384375 0.10192307656249999 0.45144230781249994 0.1125 0.4697115390625 0.175 0.48413461562500004 0.25 0.4706730765625 0.172115384375 0.47355769218750005 0.125 0.459134615625 0.152884615625 0.45625 0.16057692343750002 0.446634615625 0.12019230781250001 0.440865384375
0 0.14423076875000002 0.5456730765625 0.20576923125 0.53798076875 0.12307692343750001 0.5418269234374999 0.14423076875000002 0.5456730765625
0 0.3451923078125 0.652403846875 0.3490384609375 0.635096153125 0.3875 0.6197115390625 0.396153846875 0.64375 0.40673076874999997 0.6447115390625 0.409615384375 0.609134615625 0.4240384609375 0.590865384375 0.4375 0.590865384375 0.44326923125000006 0.60625 0.45384615312500004 0.59375 0.45288461562500004 0.6447115390625 0.47307692343749996 0.609134615625 0.4990384609375 0.590865384375 0.5144230765625 0.6024038468749999 0.5298076921875 0.6024038468749999 0.54326923125 0.5677884609375 0.5567307687499999 0.5639423078125 0.5625 0.577403846875 0.5759615390625 0.5793269234375 0.58173076875 0.565865384375 0.6009615390625 0.560096153125 0.60576923125 0.5456730765625 0.6173076921875 0.5418269234374999 0.60576923125 0.514903846875 0.583653846875 0.496634615625 0.566346153125 0.51201923125 0.5509615390625 0.50625 0.5394230765625 0.515865384375 0.5375 0.50625 0.5259615390625 0.5043269234375 0.50673076875 0.5177884609375 0.4798076921875 0.5235576921875 0.47307692343749996 0.51875 0.472115384375 0.4985576921875 0.45288461562500004 0.5081730765625 0.416346153125 0.51201923125 0.3759615390625 0.5043269234375 0.3615384609375 0.49375 0.3576923078125 0.478365384375 0.38365384687500004 0.46586538437499997 0.39326923125 0.45240384687499996 0.40192307656250004 0.4552884609375 0.41826923125000004 0.48701923125 0.4173076921875 0.459134615625 0.40865384687499995 0.45240384687499996 0.48365384687499996 0.4697115390625 0.5144230765625 0.45048076875 0.5394230765625 0.45625 0.552884615625 0.4427884609375 0.5855769234375 0.4293269234375 0.6375 0.42548076874999996 0.6644230765625 0.43509615312500005 0.69423076875 0.4052884609375 0.6923076921875 0.389903846875 0.683653846875 0.38125 0.66826923125 0.39086538437499996 0.6028846156250001 0.4043269234375 0.5740384609375 0.40240384687499997 0.5451923078124999 0.42163461562500004 0.4798076921875 0.42163461562500004 0.4509615390625 0.4293269234375 0.3894230765625 0.42355769218750006 0.3740384609375 0.4293269234375 0.3644230765625 0.4197115390625 0.3644230765625 0.43317307656250004 0.341346153125 0.4389423078125 0.322115384375 0.43509615312500005 0.3105769234375 0.4197115390625 0.2990384609375 0.415865384375 0.28173076875 0.42548076874999996 0.2865384609375 0.41875 0.2798076921875 0.4177884609375 0.28076923125 0.4322115390625 0.24615384687500003 0.4552884609375 0.2576923078125 0.4802884609375 0.23461538437499999 0.49567307656250004 0.24038461562500002 0.5072115390625 0.23461538437499999 0.51875 0.21826923125 0.5370192312500001 0.190384615625 0.5514423078124999 0.25673076875 0.535096153125 0.259615384375 0.54375 0.25 0.5572115390625 0.2548076921875 0.57548076875 0.2740384609375 0.5581730765625 0.30673076875 0.546634615625 0.3173076921875 0.54951923125 0.328846153125 0.57451923125 0.296153846875 0.5879807687499999 0.29423076875 0.61298076875 0.24423076875 0.64951923125 0.24038461562500002 0.66875 0.25865384687500004 0.6447115390625 0.291346153125 0.621634615625 0.3115384609375 0.628365384375 0.30961538437499997 0.6475961531250001 0.316346153125 0.6504807687499999 0.3451923078125 0.652403846875
0 0.38076923125 0.40144230781249995 0.39038461562500004 0.37067307656250004 0.37788461562500003 0.35625 0.3605769234375 0.35048076875 0.3615384609375 0.364903846875 0.34423076875 0.3668269234375 0.38076923125 0.40144230781249995
0 0.3115384609375 0.41298076874999995 0.283653846875 0.3831730765625 0.284615384375 0.3918269234375 0.3115384609375 0.41298076874999995
0 0.32788461562500004 0.4043269234375 0.33269230781250003 0.40913461562500003 0.3230769234375 0.41875 0.34807692343749996 0.41298076874999995 0.32788461562500004 0.4043269234375
0 0.5480769234375 0.6552884609375 0.5451923078124999 0.63701923125 0.5403846156250001 0.653365384375 0.5480769234375 0.6552884609375
0 0.640384615625 0.5533653843749999 0.6625 0.552403846875 0.671153846875 0.559134615625 0.6644230765625 0.5447115390625 0.640384615625 0.5533653843749999
0 0.634615384375 0.5610576921875 0.6259615390625 0.5447115390625 0.6076923078124999 0.5418269234374999 0.634615384375 0.5610576921875
0 0.61826923125 0.48509615312500004 0.60576923125 0.4918269234375 0.6326923078125 0.4918269234375 0.6730769234375 0.48798076874999996 0.61826923125 0.48509615312500004
0 0.24038461562500002 0.709134615625 0.2625 0.6831730765625 0.2365384609375 0.7014423078124999 0.24038461562500002 0.709134615625
0 0.21923076875 0.6822115390625 0.24615384687500003 0.66298076875 0.2115384609375 0.6802884609375 0.21923076875 0.6822115390625
0 0.4394230765625 0.665865384375 0.4365384609375 0.7014423078124999 0.44423076874999995 0.709134615625 0.4480769234375 0.6956730765625 0.4394230765625 0.665865384375
0 0.4125 0.685096153125 0.4115384609375 0.69375 0.4173076921875 0.69375 0.41923076875 0.6860576921875 0.4125 0.685096153125
0 0.3759615390625 0.640865384375 0.34807692343749996 0.66875 0.35576923125 0.6764423078124999 0.378846153125 0.6456730765625001 0.3759615390625 0.640865384375