0 0.1805208328125 0.4966666671875 0.1960763890625 0.487777778125 0.1982986109375 0.47444444375000006 0.1905208328125 0.46444444375 0.1682986109375 0.462222221875 0.1671875 0.4966666671875 0.1805208328125 0.4966666671875
0 0.324965278125 0.67 0.3182986109375 0.652222221875 0.30163194375 0.6466666671875 0.2971875 0.6599999999999999 0.284965278125 0.65444444375 0.28718750000000004 0.6433333328125 0.324965278125 0.61444444375 0.3205208328125 0.592222221875 0.28940972187499997 0.56555555625 0.329409721875 0.54555555625 0.344965278125 0.507777778125 0.319409721875 0.4911111109375 0.2860763890625 0.4911111109375 0.26607638906250003 0.5 0.24163194375 0.5355555562500001 0.199409721875 0.5355555562500001 0.169409721875 0.56555555625 0.1671875 0.66555555625 0.1760763890625 0.67444444375 0.1782986109375 0.7411111109374999 0.194965278125 0.7711111109375001 0.26607638906250003 0.7888888890625 0.30163194375 0.8133333328125 0.3205208328125 0.812222221875 0.3205208328125 0.8011111109375 0.30496527812499996 0.792222221875 0.3405208328125 0.7411111109374999 0.3405208328125 0.7188888890625 0.3160763890625 0.68555555625 0.324965278125 0.67
0 0.3382986109375 0.8166666671874999 0.3360763890625 0.847777778125 0.34829861093750003 0.8644444437500001 0.374965278125 0.877777778125 0.424965278125 0.8811111109375 0.46163194374999994 0.8733333328124999 0.49163194375 0.85 0.46163194374999994 0.8044444437499999 0.4282986109375 0.7933333328125001 0.3838541671875 0.7933333328125001 0.3382986109375 0.8166666671874999
0 0.5960763890624999 0.9188888890625 0.6005208328125 0.95 0.6349652781249999 0.98444444375 0.6782986109375 0.99444444375 0.7116319437499999 0.9766666671875001 0.709409721875 0.9366666671875 0.6860763890625 0.9088888890625 0.6571875 0.8911111109375 0.6171875 0.8933333328125 0.5960763890624999 0.9188888890625
0 0.5305208328125001 0.88444444375 0.5560763890625 0.89 0.57163194375 0.8788888890625 0.5649652781250001 0.85444444375 0.554965278125 0.8466666671875 0.5171875 0.8444444437499999 0.5160763890625 0.8699999999999999 0.5305208328125001 0.88444444375
0 0.489409721875 0.7966666671875 0.4982986109375 0.7788888890625 0.48829861093750004 0.76444444375 0.4705208328125 0.762222221875 0.45607638906250003 0.772222221875 0.46163194374999994 0.7933333328125001 0.489409721875 0.7966666671875
0 0.379409721875 0.7488888890625 0.424965278125 0.75444444375 0.4405208328125 0.73444444375 0.4282986109375 0.70444444375 0.39718749999999997 0.69555555625 0.369409721875 0.7122222218750001 0.364965278125 0.727777778125 0.379409721875 0.7488888890625
0 0.71274305625 0.7333333328125 0.6505208328125 0.742222221875 0.63274305625 0.7133333328125 0.584965278125 0.6788888890625 0.5382986109375001 0.5966666671875 0.4838541671875 0.5377777781249999 0.4105208328125 0.54444444375 0.38274305625 0.56555555625 0.3671875 0.5966666671875 0.36274305625 0.647777778125 0.399409721875 0.6866666671874999 0.4971875 0.71555555625 0.53274305625 0.75555555625 0.6038541671875 0.7733333328125 0.62274305625 0.8055555562500001 0.614965278125 0.82 0.6305208328125 0.8088888890625 0.6771874999999999 0.8066666671875 0.7238541671875 0.86 0.7760763890625 0.8855555562499999 0.7938541671875 0.8766666671875001 0.8005208328125001 0.8411111109375 0.8205208328125 0.8211111109375 0.7860763890625 0.74444444375 0.7682986109375001 0.73555555625 0.71274305625 0.7333333328125
0 0.7960763890625 0.93 0.8071875000000001 0.9166666671874999 0.7882986109375001 0.8933333328125 0.75163194375 0.89444444375 0.749409721875 0.9033333328125 0.7638541671875 0.922222221875 0.7960763890625 0.93
0 0.6205208328125 0.8300000000000001 0.6238541671875 0.8044444437499999 0.5960763890624999 0.8233333328124999 0.5738541671874999 0.8566666671875 0.58274305625 0.8611111109375 0.6205208328125 0.8300000000000001
0 0.6071875 0.6633333328125001 0.6360763890625 0.672222221875 0.6560763890625 0.6611111109375 0.6560763890625 0.6455555562499999 0.6371875 0.6311111109375 0.6082986109374999 0.63555555625 0.6005208328125 0.6455555562499999 0.6071875 0.6633333328125001
0 0.7960763890625 0.65444444375 0.8038541671875 0.6799999999999999 0.8338541671874999 0.687777778125 0.8338541671874999 0.6466666671875 0.8105208328125 0.64444444375 0.7960763890625 0.65444444375
0 0.61274305625 0.33999999999999997 0.5794097218750001 0.33555555625 0.5371875 0.34444444375 0.5171875 0.3266666671875 0.48496527812499995 0.33444444375 0.4860763890625 0.35111111093749997 0.5349652781249999 0.3533333328125 0.55274305625 0.3688888890625 0.5994097218750001 0.382222221875 0.584965278125 0.4011111109375 0.5971875 0.41777777812499994 0.63274305625 0.42000000000000004 0.6460763890625 0.44000000000000006 0.6782986109375 0.44333333281250004 0.6894097218749999 0.43666666718749997 0.6871875000000001 0.42111111093750003 0.6582986109375 0.40555555625000006 0.6560763890625 0.39 0.6360763890625 0.37666666718749997 0.61274305625 0.33999999999999997
0 0.4105208328125 0.4066666671875 0.46940972187499996 0.412222221875 0.489409721875 0.39 0.4871875 0.37444444374999997 0.4705208328125 0.36444444374999996 0.4505208328125 0.357777778125 0.3982986109375 0.37666666718749997 0.4105208328125 0.4066666671875
0 0.32274305625 0.32999999999999996 0.3338541671875 0.31222222187500004 0.3082986109375 0.29555555624999996 0.28163194375 0.29555555624999996 0.269409721875 0.30555555624999997 0.299409721875 0.3311111109375 0.32274305625 0.32999999999999996
0 0.3871875 0.2633333328125 0.40052083281249995 0.247777778125 0.39274305625 0.23555555625000002 0.374965278125 0.2288888890625 0.34274305625 0.23444444375 0.34829861093750003 0.257777778125 0.3871875 0.2633333328125
0 0.3471875 0.21444444375 0.33940972187499996 0.202222221875 0.30274305625000003 0.20555555625 0.31496527812499997 0.222222221875 0.3382986109375 0.2211111109375 0.3471875 0.21444444375
0 0.47940972187500003 0.22444444375 0.49052083281250003 0.242222221875 0.5182986109375001 0.24333333281249997 0.524965278125 0.22777777812500002 0.509409721875 0.21888888906249998 0.5038541671875 0.202222221875 0.43829861093750005 0.1966666671875 0.44607638906249997 0.2133333328125 0.47940972187500003 0.22444444375
0 0.4671875 0.33444444375 0.47607638906250005 0.32555555625 0.4682986109375 0.3088888890625 0.4482986109375 0.30444444375 0.42718749999999994 0.31222222187500004 0.4371875 0.3333333328125 0.4671875 0.33444444375
0 0.49385416718749997 0.2988888890625 0.5060763890625 0.31555555625 0.5694097218749999 0.3233333328125 0.5994097218750001 0.317777778125 0.609409721875 0.2988888890625 0.594965278125 0.2866666671875 0.5571875000000001 0.297777778125 0.5060763890625 0.2888888890625 0.49385416718749997 0.2988888890625
0 0.614965278125 0.2711111109375 0.59274305625 0.257777778125 0.57274305625 0.2311111109375 0.5449652781250001 0.247777778125 0.5705208328125 0.27777777812500004 0.614965278125 0.30222222187500003 0.694965278125 0.317777778125 0.7238541671875 0.337777778125 0.7538541671875 0.3366666671875 0.769409721875 0.32777777812500003 0.764965278125 0.31444444374999997 0.73274305625 0.30222222187500003 0.7060763890625 0.27999999999999997 0.6727430562500001 0.29111111093750003 0.614965278125 0.2711111109375
0 0.539409721875 0.222222221875 0.559409721875 0.222222221875 0.5838541671875 0.242222221875 0.5982986109375 0.2411111109375 0.609409721875 0.23444444375 0.6038541671875 0.22000000000000003 0.574965278125 0.21555555625 0.55274305625 0.197777778125 0.524965278125 0.20555555625 0.539409721875 0.222222221875