0 0.445 0.3271875 0.47115384687499995 0.32795673125 0.4834615390625 0.33487980781250004 0.4980769234375 0.33795673125 0.5030769234375 0.33295673125 0.5069230765625 0.318341346875 0.488846153125 0.29641826875 0.47115384687499995 0.2994951921875 0.459615384375 0.2956490390625 0.409615384375 0.291033653125 0.389615384375 0.293341346875 0.3526923078125 0.291802884375 0.3334615390625 0.2794951921875 0.30653846093750003 0.273341346875 0.3015384609375 0.278341346875 0.29923076875 0.2937259609375 0.28230769218749996 0.3037259609375 0.281153846875 0.3094951921875 0.28500000000000003 0.30641826875 0.29 0.3091105765625 0.28230769218749996 0.317572115625 0.2815384609375 0.3291105765625 0.28576923125000003 0.33641826875 0.31076923125 0.347572115625 0.3319230765625 0.331802884375 0.348846153125 0.331802884375 0.365 0.322572115625 0.38346153906249997 0.3256490390625 0.428846153125 0.322572115625 0.445 0.3271875
0 0.323846153125 0.44603365312500004 0.32769230781249997 0.4421875 0.333846153125 0.42141826875 0.330384615625 0.4171875 0.32192307656249997 0.4148798078125 0.31038461562499997 0.40257211562500006 0.30653846093750003 0.4056490390625 0.30038461562499996 0.4041105765625 0.295384615625 0.41295673125 0.294615384375 0.426033653125 0.29 0.42911057656249996 0.295384615625 0.4491105765625 0.3180769234375 0.4771875 0.3269230765625 0.4791105765625 0.329615384375 0.47641826875 0.3334615390625 0.47795673125000004 0.335384615625 0.4737259609375 0.335384615625 0.4691105765625 0.3269230765625 0.4591105765625 0.323846153125 0.44603365312500004
0 0.3826923078125 0.5225721156249999 0.35923076875 0.547572115625 0.36576923125 0.5487259609375 0.3680769234375 0.542572115625 0.3726923078125 0.54641826875 0.376153846875 0.5391105765625 0.3784615390625 0.5398798078125 0.376153846875 0.5791105765625 0.3719230765625 0.5802644234375001 0.3673076921875 0.5741105765625 0.36 0.5752644234375001 0.3734615390625 0.5871875 0.39 0.5952644234375 0.3976923078125 0.5637259609374999 0.3969230765625 0.5406490390625 0.3930769234375 0.53295673125 0.3930769234375 0.528341346875 0.3976923078125 0.5244951921875 0.3826923078125 0.5225721156249999
0 0.42076923125 0.5391105765625 0.42153846093749997 0.548341346875 0.416153846875 0.55295673125 0.41076923125000003 0.566033653125 0.4130769234375 0.5898798078125 0.42346153906249995 0.59795673125 0.4323076921875 0.5983413468750001 0.4430769234375 0.5929567312499999 0.43461538437499997 0.578341346875 0.44230769218750005 0.546802884375 0.44230769218750005 0.5398798078125 0.43576923125 0.5325721156250001 0.42076923125 0.5391105765625
0 0.3915384609375 0.48141826875 0.40384615312500005 0.49295673124999995 0.40346153906250004 0.4971875 0.41 0.496802884375 0.404615384375 0.49295673124999995 0.4365384609375 0.4794951921875 0.4376923078125 0.47141826875000004 0.42653846093750003 0.46641826875000003 0.4080769234375 0.4771875 0.3915384609375 0.48141826875
0 0.470384615625 0.45487980781250004 0.46230769218749995 0.4644951921875 0.46423076874999997 0.471033653125 0.4723076921875 0.4721875 0.5073076921874999 0.46180288437500006 0.516153846875 0.45449519218749995 0.516153846875 0.45141826875 0.508846153125 0.44487980781249997 0.481153846875 0.4487259609375 0.470384615625 0.45487980781250004
0 0.47307692343749996 0.51141826875 0.475 0.5156490390624999 0.47923076875000004 0.5160336531249999 0.478846153125 0.512572115625 0.47307692343749996 0.51141826875
0 0.4565384609375 0.4971875 0.4669230765625 0.5006490390625 0.46461538437499994 0.506033653125 0.46769230781250004 0.5106490390625 0.475384615625 0.5044951921874999 0.4723076921875 0.496802884375 0.47615384687500006 0.48834134687499997 0.47115384687499995 0.48411057656249995 0.455384615625 0.49295673124999995 0.4565384609375 0.4971875
0 0.44461538437500003 0.5106490390625 0.44346153906249997 0.503341346875 0.43615384687500003 0.5052644234375 0.43692307656249996 0.51141826875 0.44000000000000006 0.51295673125 0.44461538437500003 0.5106490390625
0 0.40923076875 0.5175721156249999 0.4334615390625 0.513341346875 0.43461538437499997 0.506033653125 0.42346153906249995 0.503341346875 0.41576923125 0.50641826875 0.4069230765625 0.5121875 0.40923076875 0.5175721156249999
0 0.23115384687499999 0.3687259609375 0.215 0.3748798078125 0.20076923125 0.3844951921875 0.1984615390625 0.3898798078125 0.20076923125 0.40295673125000003 0.2123076921875 0.406033653125 0.2430769234375 0.3921875 0.245384615625 0.38603365312500004 0.24230769218749998 0.3752644234375 0.24846153906250001 0.37141826875 0.248846153125 0.3671875 0.23115384687499999 0.3687259609375
0 0.233846153125 0.43141826875 0.235384615625 0.4491105765625 0.24038461562500002 0.453341346875 0.24692307656249998 0.45295673125 0.254615384375 0.44834134687500005 0.2630769234375 0.43141826875 0.2630769234375 0.42680288437499997 0.24961538437500003 0.41641826875000004 0.2419230765625 0.41795673125 0.233846153125 0.43141826875
0 0.1723076921875 0.39064903906250004 0.1715384609375 0.398341346875 0.168846153125 0.4002644234375 0.16499999999999998 0.39795673125 0.16076923125 0.4037259609375 0.166153846875 0.4152644234375 0.1726923078125 0.421033653125 0.1776923078125 0.42141826875 0.18846153906250002 0.41295673125 0.19 0.398341346875 0.18307692343749998 0.3837259609375 0.1726923078125 0.37795673125 0.1676923078125 0.3837259609375 0.1723076921875 0.39064903906250004