0 0.45829861093749996 0.4388888890625 0.46496527812500005 0.407777778125 0.48829861093750004 0.39555555625 0.5038541671875 0.4 0.5138541671875 0.42111111093750003 0.50163194375 0.442222221875 0.4838541671875 0.42222222187499997 0.46940972187499996 0.427777778125 0.47940972187500003 0.457777778125 0.494965278125 0.45555555625000005 0.52163194375 0.4733333328125 0.5505208328125 0.4688888890625 0.5560763890625 0.46333333281250005 0.549409721875 0.43222222187500003 0.5571875000000001 0.4266666671875 0.5782986109375 0.43666666718749997 0.5738541671874999 0.45222222187499994 0.5816319437499999 0.46444444375 0.6182986109375 0.4588888890625 0.6205208328125 0.44555555625 0.6038541671875 0.4311111109375 0.5671875 0.42111111093750003 0.574965278125 0.39555555625 0.61163194375 0.3811111109375 0.60163194375 0.35555555625 0.5682986109375 0.38 0.5605208328125 0.367777778125 0.6005208328125 0.3433333328125 0.5960763890624999 0.31444444374999997 0.5882986109375 0.30444444375 0.5649652781250001 0.3188888890625 0.5571875000000001 0.257777778125 0.519409721875 0.2711111109375 0.50274305625 0.25888888906249996 0.509409721875 0.192222221875 0.494965278125 0.13999999999999999 0.47385416718749995 0.1566666671875 0.45163194375 0.207777778125 0.42274305625 0.21444444375 0.4360763890625 0.2211111109375 0.43496527812499997 0.24666666718750002 0.354965278125 0.2266666671875 0.30496527812499996 0.22999999999999998 0.2960763890625 0.39444444375 0.2671875 0.44333333281250004 0.27163194375 0.4588888890625 0.2605208328125 0.48555555625 0.22052083281249998 0.5033333328125 0.25274305625000004 0.54 0.29163194375 0.55 0.29163194375 0.5388888890625 0.31496527812499997 0.5333333328125 0.3705208328125 0.45999999999999996 0.399409721875 0.44000000000000006 0.43052083281250003 0.457777778125 0.45829861093749996 0.4388888890625
0 0.36274305625 0.8233333328124999 0.354965278125 0.8111111109375001 0.3382986109375 0.8211111109375 0.3405208328125 0.83444444375 0.35163194375 0.8388888890624999 0.36274305625 0.8233333328124999
0 0.40718750000000004 0.792222221875 0.399409721875 0.782222221875 0.38163194375 0.78444444375 0.37607638906249996 0.807777778125 0.40052083281249995 0.81444444375 0.40718750000000004 0.792222221875
0 0.27163194375 0.9211111109375001 0.2571875 0.9111111109375001 0.24718749999999998 0.9188888890625 0.24718749999999998 0.9366666671875 0.2605208328125 0.9366666671875 0.27163194375 0.9211111109375001
0 0.6760763890625 0.5988888890624999 0.6660763890625 0.5866666671874999 0.6482986109375 0.5866666671874999 0.6405208328125 0.607777778125 0.6649652781250001 0.627777778125 0.6760763890625 0.5988888890624999
0 0.5760763890625 0.6011111109375 0.5671875 0.63 0.584965278125 0.6433333328125 0.6138541671875 0.61444444375 0.6071875 0.592222221875 0.5816319437499999 0.56444444375 0.5671875 0.57444444375 0.5671875 0.5944444437499999 0.5760763890625 0.6011111109375
0 0.439409721875 0.6488888890625 0.43163194374999997 0.6633333328125001 0.44496527812500003 0.672222221875 0.45385416718749994 0.6566666671875 0.439409721875 0.6488888890625
0 0.4405208328125 0.5700000000000001 0.43163194374999997 0.55 0.40385416718749995 0.54 0.40274305625 0.5766666671875 0.43385416718750003 0.5788888890624999 0.4405208328125 0.5700000000000001
0 0.45274305625 0.5355555562500001 0.44718749999999996 0.55 0.44718749999999996 0.57444444375 0.4682986109375 0.6 0.47607638906250005 0.5988888890624999 0.48829861093750004 0.5822222218750001 0.509409721875 0.5811111109375 0.5138541671875 0.54555555625 0.50274305625 0.5255555562499999 0.4860763890625 0.5177777781249999 0.45274305625 0.5355555562500001
0 0.60163194375 0.477777778125 0.5982986109375 0.487777778125 0.604965278125 0.49000000000000005 0.609409721875 0.48111111093750003 0.60163194375 0.477777778125
0 0.5571875000000001 0.5 0.584965278125 0.50555555625 0.589409721875 0.49000000000000005 0.5794097218750001 0.48 0.5616319437499999 0.48444444375 0.5438541671875 0.4711111109375 0.5360763890625 0.47444444375000006 0.5571875000000001 0.5
0 0.6471875 0.367777778125 0.6649652781250001 0.3588888890625 0.6649652781250001 0.34555555625 0.6805208328125001 0.332222221875 0.659409721875 0.3066666671875 0.6471875 0.31444444374999997 0.6471875 0.367777778125
0 0.7338541671875001 0.3788888890625 0.7460763890625 0.40222222187499995 0.7582986109375 0.4011111109375 0.78274305625 0.392222221875 0.7849652781249999 0.36555555625 0.7705208328125 0.3466666671875 0.7238541671875 0.322222221875 0.709409721875 0.3611111109375 0.7338541671875001 0.3788888890625
0 0.6760763890625 0.14777777812499998 0.6527430562500001 0.10888888906250001 0.6282986109375 0.10444444374999999 0.6205208328125 0.11444444375 0.629409721875 0.11888888906249999 0.6160763890625 0.1588888890625 0.6238541671875 0.1688888890625 0.6060763890625 0.17333333281250002 0.604965278125 0.15 0.5982986109375 0.15 0.5938541671875 0.16999999999999998 0.60274305625 0.17444444374999998 0.604965278125 0.19 0.5916319437500001 0.2233333328125 0.609409721875 0.23444444375 0.6349652781249999 0.2066666671875 0.639409721875 0.21777777812500002 0.6527430562500001 0.21777777812500002 0.67163194375 0.20555555625 0.6605208328125001 0.18777777812500002 0.6760763890625 0.14777777812499998
0 0.5994097218750001 0.062222221875 0.594965278125 0.0511111109375 0.509409721875 0.058888889062500005 0.49385416718749997 0.092222221875 0.5005208328124999 0.11444444375 0.49163194375 0.127777778125 0.494965278125 0.15111111093750001 0.50163194375 0.13999999999999999 0.5138541671875 0.14555555625 0.5071875 0.15 0.514965278125 0.157777778125 0.5882986109375 0.142222221875 0.63274305625 0.1666666671875 0.6505208328125 0.15555555625 0.6538541671875 0.167777778125 0.6405208328125 0.17444444374999998 0.6560763890625 0.17444444374999998 0.66274305625 0.16555555625 0.6605208328125001 0.112222221875 0.6349652781249999 0.0888888890625 0.6160763890625 0.08333333281250001 0.61274305625 0.062222221875 0.5994097218750001 0.062222221875
0 0.4871875 0.14777777812499998 0.49163194375 0.13444444375 0.4805208328125 0.1166666671875 0.489409721875 0.107777778125 0.4782986109375 0.09444444375 0.49385416718749997 0.0988888890625 0.49607638906249996 0.072222221875 0.5105208328125 0.0488888890625 0.48163194374999996 0.0466666671875 0.4660763890625 0.08 0.419409721875 0.0733333328125 0.44274305625 0.067777778125 0.43274305625 0.057777778125 0.419409721875 0.06444444375 0.409409721875 0.0566666671875 0.41829861093750004 0.05 0.4082986109375 0.0466666671875 0.39163194375 0.052222221874999995 0.40274305625 0.0566666671875 0.389409721875 0.067777778125 0.40052083281249995 0.072222221875 0.39496527812500004 0.07555555625 0.2882986109375 0.0733333328125 0.26607638906250003 0.082222221875 0.2760763890625 0.08777777812500001 0.2638541671875 0.09111111093749999 0.259409721875 0.08 0.23274305625 0.08 0.2360763890625 0.07444444375 0.2171875 0.06444444375 0.2160763890625 0.08333333281250001 0.2060763890625 0.09111111093749999 0.19274305625000002 0.082222221875 0.189409721875 0.10333333281249998 0.1785675 0.105502221875 0.17163194375 0.08777777812500001 0.17274305625 0.23333333281250002 0.20829861093750002 0.22000000000000003 0.24163194375 0.22000000000000003 0.2482986109375 0.2311111109375 0.25496527812499997 0.22444444375 0.27718750000000003 0.23333333281250002 0.3038541671875 0.2066666671875 0.31274305625 0.222222221875 0.409409721875 0.23444444375 0.424965278125 0.22999999999999998 0.404965278125 0.22555555625 0.409409721875 0.212222221875 0.43496527812499997 0.2 0.4505208328125 0.202222221875 0.47163194375 0.15444444375 0.4871875 0.14777777812499998
0 0.29274305625 0.2311111109375 0.2838541671875 0.22000000000000003 0.25496527812499997 0.222222221875 0.25496527812499997 0.2311111109375 0.2460763890625 0.2266666671875 0.24274305625 0.2411111109375 0.224965278125 0.25 0.2260763890625 0.26444444375 0.19718750000000002 0.2666666671875 0.194965278125 0.27999999999999997 0.18274305625 0.272222221875 0.18274305625 0.2833333328125 0.1960763890625 0.292222221875 0.1982986109375 0.32777777812500003 0.214965278125 0.342222221875 0.259409721875 0.34444444375 0.26829861093749996 0.3533333328125 0.2905208328125 0.34888888906250004 0.284965278125 0.3566666671875 0.2938541671875 0.3588888890625 0.30496527812499996 0.232222221875 0.2982986109375 0.22555555625 0.31274305625 0.22444444375 0.31274305625 0.2133333328125 0.2971875 0.21777777812500002 0.29274305625 0.2311111109375
0 0.7282986109375 0.5733333328125 0.7182986109375 0.5811111109375 0.729409721875 0.5966666671875 0.724965278125 0.6166666671875001 0.73163194375 0.6255555562499999 0.7271875 0.6433333328125 0.7171875 0.64444444375 0.7116319437499999 0.6566666671875 0.7305208328125 0.6599999999999999 0.7416319437500001 0.642222221875 0.759409721875 0.6733333328125 0.7760763890625 0.67444444375 0.78274305625 0.66555555625 0.7538541671875 0.65 0.7605208328125 0.63 0.7382986109375 0.6233333328125 0.7382986109375 0.5788888890624999 0.7282986109375 0.5733333328125