0 0.08541666718749999 0.4927083328125 0.1041666671875 0.48229166718750005 0.1041666671875 0.46770833281249996 0.090625 0.45625 0.06875 0.471875 0.07291666718749999 0.490625 0.08541666718749999 0.4927083328125
0 0.21979166718749998 0.3916666671875 0.20625 0.396875 0.21458333281250003 0.4114583328125 0.2270833328125 0.39895833281250004 0.21979166718749998 0.3916666671875
0 0.2614583328125 0.5 0.2833333328125 0.5010416671875 0.3 0.48854166718750003 0.3020833328125 0.4760416671875 0.27395833281250004 0.4604166671875 0.25833333281250004 0.478125 0.25833333281250004 0.4927083328125 0.2614583328125 0.5
0 0.3885416671875 0.5125 0.40833333281249995 0.48020833281249997 0.3739583328125 0.48333333281249996 0.35208333281250004 0.5052083328125 0.3625 0.5177083328125 0.3885416671875 0.5125
0 0.45 0.5260416671875 0.45 0.5447916671875 0.475 0.5572916671875 0.4625 0.5822916671875 0.4791666671875 0.5864583328124999 0.4927083328125 0.55625 0.53125 0.5364583328125 0.5333333328125 0.521875 0.5239583328124999 0.5104166671875 0.46770833281249996 0.5125 0.45 0.5260416671875
0 0.609375 0.56875 0.5833333328125 0.5760416671875 0.596875 0.6 0.6177083328124999 0.6020833328124999 0.6322916671875001 0.5895833328125 0.6354166671875 0.6072916671875 0.6458333328125 0.6072916671875 0.65625 0.6010416671875001 0.6625 0.584375 0.6572916671875 0.5770833328125 0.6385416671875 0.5708333328124999 0.628125 0.5833333328125 0.609375 0.56875
0 0.66875 0.5635416671875 0.68125 0.5677083328125 0.7083333328125 0.559375 0.7166666671875 0.5385416671875001 0.7125 0.515625 0.7010416671875 0.50625 0.659375 0.50625 0.66875 0.5635416671875
0 0.7395833328125 0.628125 0.7552083328125 0.6458333328125 0.775 0.6510416671875 0.7958333328125 0.6364583328125 0.7958333328125 0.6177083328124999 0.7822916671875 0.6041666671875 0.753125 0.6020833328124999 0.7416666671875001 0.6114583328125 0.7395833328125 0.628125
0 0.5052083328125 0.6875 0.49791666718750005 0.6989583328125 0.5125 0.7072916671875 0.5229166671875001 0.6947916671875001 0.5052083328125 0.6875
0 0.4479166671875 0.746875 0.4447916671875 0.7395833328125 0.421875 0.7354166671875 0.3895833328125 0.7760416671875 0.390625 0.78125 0.42083333281249996 0.78125 0.4291666671875 0.759375 0.4479166671875 0.746875
0 0.46979166718750004 0.35208333281250004 0.43854166718750004 0.35208333281250004 0.4291666671875 0.365625 0.43854166718750004 0.3770833328125 0.47083333281249995 0.3760416671875 0.46979166718750004 0.35208333281250004
0 0.5083333328124999 0.3614583328125 0.5260416671875 0.3583333328125 0.5645833328125 0.3239583328125 0.503125 0.3229166671875 0.4895833328125 0.340625 0.49375 0.3552083328125 0.5083333328124999 0.3614583328125
0 0.646875 0.43541666718750005 0.6604166671875 0.43854166718750004 0.6645833328124999 0.4302083328125 0.6427083328125 0.4145833328125 0.6208333328125 0.41979166718750005 0.6260416671875 0.43958333281249995 0.6447916671875 0.4270833328125 0.646875 0.43541666718750005
0 0.6302083328125 0.3583333328125 0.6166666671875001 0.3760416671875 0.6333333328124999 0.3802083328125 0.6416666671875 0.3635416671875 0.6302083328125 0.3583333328125
0 0.7197916671875 0.3583333328125 0.684375 0.3395833328125 0.6729166671875 0.3447916671875 0.690625 0.375 0.7083333328125 0.3760416671875 0.7197916671875 0.3583333328125
0 0.6166666671875001 0.2635416671875 0.6135416671875 0.2541666671875 0.5958333328125 0.2552083328125 0.5958333328125 0.2697916671875 0.6020833328124999 0.2697916671875 0.6166666671875001 0.2635416671875