0 0.485 0.6003125 0.5116666671875 0.6136458328125001 0.525 0.6136458328125001 0.5316666671875 0.6036458328125 0.5516666671875 0.6103125 0.5783333328125 0.6003125 0.5833333328125 0.5953125 0.58 0.5386458328125 0.5933333328125 0.5286458328125 0.5900000000000001 0.5186458328125 0.5966666671875 0.5119791671875 0.5933333328125 0.48197916718749995 0.5783333328125 0.4736458328125 0.5616666671874999 0.4736458328125 0.5516666671875 0.4503125 0.5416666671875 0.4503125 0.5316666671875 0.4669791671875 0.5266666671875 0.46197916718750004 0.5266666671875 0.43531250000000005 0.515 0.4303125 0.5 0.4486458328125 0.495 0.4669791671875 0.4683333328125 0.4736458328125 0.4516666671875 0.4703125 0.43666666718749997 0.48197916718749995 0.44000000000000006 0.4886458328125 0.43499999999999994 0.4936458328125 0.41500000000000004 0.4969791671875 0.41 0.5119791671875 0.41333333281250006 0.5219791671875 0.4066666671875 0.5286458328125 0.41 0.5486458328125 0.3983333328125 0.5503125 0.3966666671875 0.5586458328125 0.4033333328125 0.5686458328125 0.4016666671875 0.5803125 0.4266666671875 0.5819791671875 0.4033333328125 0.6053124999999999 0.4 0.6319791671874999 0.4233333328125 0.6319791671874999 0.43666666718749997 0.6219791671875 0.44166666718750003 0.6103125 0.46166666718749994 0.5969791671875 0.485 0.6003125
0 0.5833333328125 0.6186458328125 0.585 0.6303124999999999 0.6 0.6286458328125 0.6033333328125 0.6186458328125 0.5983333328125 0.6136458328125001 0.5883333328125 0.6136458328125001 0.5833333328125 0.6186458328125
0 0.6599999999999999 0.6553125 0.655 0.6503125 0.6466666671875 0.6519791671874999 0.6483333328125 0.6569791671874999 0.6599999999999999 0.6553125
0 0.7066666671874999 0.7553124999999999 0.7066666671874999 0.7586458328125001 0.7150000000000001 0.7669791671875 0.7166666671875 0.7653125000000001 0.72 0.7619791671875 0.72 0.7519791671875 0.7116666671874999 0.7503124999999999 0.7066666671874999 0.7553124999999999
0 0.335 0.5436458328125 0.32999999999999996 0.5486458328125 0.32999999999999996 0.5586458328125 0.3416666671875 0.5669791671875 0.35 0.5653125 0.3533333328125 0.5619791671875001 0.35 0.5519791671875 0.34500000000000003 0.5469791671875 0.335 0.5436458328125
0 0.2866666671875 0.5686458328125 0.2916666671875 0.5736458328125 0.3 0.5719791671875 0.2983333328125 0.5603125 0.2916666671875 0.5603125 0.2866666671875 0.5653125 0.2866666671875 0.5686458328125
0 0.1166666671875 0.5553125 0.12166666718750001 0.5603125 0.12833333281249998 0.5603125 0.1316666671875 0.5636458328125 0.13999999999999999 0.5619791671875001 0.14666666718750002 0.5586458328125 0.1416666671875 0.5503125 0.1166666671875 0.5519791671875 0.1166666671875 0.5553125
0 0.1666666671875 0.5919791671875 0.16499999999999998 0.5836458328125 0.1533333328125 0.5853125 0.155 0.5936458328125 0.1666666671875 0.5919791671875
0 0.37333333281250003 0.4686458328125 0.36833333281249997 0.46364583281250005 0.3633333328125 0.4653125 0.365 0.4703125 0.37333333281250003 0.4686458328125
0 0.5383333328125001 0.40697916718749994 0.5333333328125 0.41197916718750005 0.5333333328125 0.4253125 0.5433333328125001 0.4253125 0.5466666671875 0.4219791671875 0.5466666671875 0.41197916718750005 0.5416666671875 0.40697916718749994 0.5383333328125001 0.40697916718749994
0 0.52 0.6486458328125 0.5233333328125 0.6486458328125 0.5266666671875 0.6453125 0.525 0.6403125000000001 0.52 0.6419791671875 0.52 0.6486458328125
0 0.35 0.4019791671875 0.3583333328125 0.4103125 0.3633333328125 0.40864583281250005 0.3633333328125 0.4019791671875 0.3583333328125 0.3969791671875 0.35 0.3986458328125 0.35 0.4019791671875
0 0.4266666671875 0.40864583281250005 0.43 0.41531250000000003 0.43666666718749997 0.41531250000000003 0.43666666718749997 0.40531249999999996 0.43166666718749996 0.40031249999999996 0.42833333281249997 0.40031249999999996 0.4266666671875 0.40864583281250005
0 0.425 0.42697916718749995 0.43333333281249997 0.4253125 0.43333333281249997 0.4219791671875 0.42833333281249997 0.4169791671875 0.4233333328125 0.4186458328125 0.425 0.42697916718749995
0 0.46333333281250005 0.3519791671875 0.4683333328125 0.3569791671875 0.47000000000000003 0.35531250000000003 0.4733333328125 0.3519791671875 0.4733333328125 0.3453125 0.465 0.3436458328125 0.46333333281250005 0.3519791671875
0 0.5700000000000001 0.4453125 0.58 0.4453125 0.58 0.43531250000000005 0.575 0.4303125 0.5716666671875 0.4303125 0.5700000000000001 0.4453125
0 0.5966666671875 0.4686458328125 0.5966666671875 0.46197916718750004 0.5916666671875 0.4603125 0.5900000000000001 0.4686458328125 0.5966666671875 0.4686458328125
0 0.38333333281250004 0.5219791671875 0.3783333328125 0.5136458328125 0.37 0.5153125000000001 0.3716666671875 0.5236458328125 0.38333333281250004 0.5219791671875
0 0.38 0.5419791671875 0.385 0.5469791671875 0.39 0.5453125 0.3933333328125 0.5386458328125 0.3883333328125 0.5336458328125 0.38166666718750003 0.5336458328125 0.38 0.5419791671875
0 0.40499999999999997 0.49031250000000004 0.41166666718749995 0.4969791671875 0.4166666671875 0.4953125 0.4016666671875 0.4803125 0.39 0.48531250000000004 0.3916666671875 0.49031250000000004 0.40499999999999997 0.49031250000000004
0 0.4266666671875 0.4686458328125 0.43499999999999994 0.4769791671875 0.43666666718749997 0.47531249999999997 0.44000000000000006 0.4719791671875 0.43666666718749997 0.4653125 0.42833333281249997 0.46364583281250005 0.4266666671875 0.4686458328125
0 0.5283333328125 0.3203125 0.53 0.31864583281250003 0.5283333328125 0.3103125 0.52 0.31197916718749996 0.5216666671875 0.3169791671875 0.5283333328125 0.3203125
0 0.5633333328125001 0.3086458328125 0.5633333328125001 0.31197916718749996 0.5716666671875 0.3169791671875 0.58 0.3153125 0.5783333328125 0.3003125 0.575 0.3036458328125 0.5683333328125 0.3036458328125 0.5633333328125001 0.3086458328125
0 0.41166666718749995 0.3369791671875 0.41333333281250006 0.3319791671875 0.40499999999999997 0.32697916718750003 0.4016666671875 0.3303125 0.38166666718750003 0.3203125 0.37666666718749997 0.3353125 0.385 0.3369791671875 0.3883333328125 0.3403125 0.39 0.3386458328125 0.3983333328125 0.3369791671875 0.4016666671875 0.3336458328125 0.40499999999999997 0.3369791671875 0.41166666718749995 0.3369791671875
0 0.585 0.6103125 0.5933333328125 0.6086458328125001 0.5916666671875 0.6003125 0.5883333328125 0.6003125 0.5833333328125 0.6053124999999999 0.585 0.6103125
0 0.36 0.6119791671875 0.3583333328125 0.6036458328125 0.3466666671875 0.6053124999999999 0.3483333328125 0.6136458328125001 0.36 0.6119791671875
0 0.275 0.5836458328125 0.2666666671875 0.5886458328125 0.2666666671875 0.5953125 0.2716666671875 0.6003125 0.2766666671875 0.5986458328125 0.2816666671875 0.5936458328125 0.29 0.5919791671875 0.2816666671875 0.5903125 0.275 0.5836458328125
0 0.3083333328125 0.5536458328125 0.3016666671875 0.5536458328125 0.2833333328125 0.5653125 0.2866666671875 0.5686458328125 0.2833333328125 0.5753125 0.28500000000000003 0.5803125 0.31 0.5786458328124999 0.30333333281249997 0.5719791671875 0.30333333281249997 0.5653125 0.31 0.5619791671875001 0.3083333328125 0.5536458328125