0 0.871484375 0.684375 0.862890625 0.684375 0.85234375 0.699609375 0.8453125 0.703515625 0.84375 0.712109375 0.8328125 0.716796875 0.844140625 0.71875 0.84609375 0.725390625 0.851953125 0.72578125 0.855078125 0.7296875 0.90390625 0.730078125 0.91015625 0.728515625 0.90703125 0.716796875 0.890234375 0.7046875 0.871484375 0.684375
0 0.417578125 0.69453125 0.41484375 0.691796875 0.416015625 0.68828125 0.421875 0.687109375 0.4234375 0.678515625 0.4203125 0.665234375 0.416015625 0.6640625 0.4140625 0.658984375 0.42265625 0.654296875 0.421875 0.642578125 0.41328125 0.637890625 0.4125 0.626953125 0.408203125 0.628125 0.404296875 0.62421875 0.378515625 0.62734375 0.37421875 0.653515625 0.3703125 0.658203125 0.370703125 0.6703125 0.38984375 0.673828125 0.39140625 0.702734375 0.39453125 0.704296875 0.400390625 0.7015625 0.4265625 0.701171875 0.423828125 0.69140625 0.417578125 0.69453125
0 0.8296875 0.705078125 0.83828125 0.701171875 0.8296875 0.694921875 0.823046875 0.671875 0.812890625 0.665625 0.794921875 0.6625 0.772265625 0.64921875 0.7640625 0.642578125 0.76484375 0.635546875 0.749609375 0.6171875 0.736328125 0.6203125 0.719140625 0.6390625 0.707421875 0.6453125 0.701953125 0.6546875 0.691015625 0.66015625 0.678125 0.673828125 0.66953125 0.697265625 0.655078125 0.71484375 0.63984375 0.724609375 0.641796875 0.72890625 0.647265625 0.73046875 0.796875 0.730078125 0.827734375 0.725 0.8265625 0.721484375 0.8328125 0.713671875 0.8296875 0.705078125
0 0.628515625 0.51640625 0.654296875 0.5078125 0.6703125 0.498046875 0.6703125 0.489453125 0.6546875 0.470703125 0.64375 0.438671875 0.639453125 0.43515625 0.619140625 0.43515625 0.615625 0.431640625 0.615625 0.423828125 0.608984375 0.41875 0.573046875 0.40625 0.544140625 0.38828125 0.497265625 0.37578125 0.49140625 0.389453125 0.496875 0.432421875 0.4953125 0.444921875 0.486328125 0.43984375 0.472265625 0.44140625 0.4625 0.448046875 0.459375 0.455078125 0.459375 0.479296875 0.465625 0.497265625 0.475390625 0.51171875 0.484765625 0.51484375 0.498828125 0.5140625 0.50546875 0.507421875 0.50234375 0.485546875 0.514453125 0.48515625 0.518359375 0.48984375 0.522265625 0.48984375 0.527734375 0.4984375 0.545703125 0.5 0.548828125 0.5140625 0.577734375 0.515625 0.58125 0.523828125 0.588671875 0.51953125 0.597265625 0.52265625 0.606640625 0.51796875 0.628515625 0.51640625
0 0.3421875 0.660546875 0.345703125 0.65390625 0.33828125 0.655859375 0.33828125 0.658984375 0.3421875 0.660546875
0 0.334375 0.671484375 0.3359375 0.663671875 0.329296875 0.66171875 0.32578125 0.669921875 0.334375 0.671484375
0 0.425 0.595703125 0.43515625 0.591796875 0.423828125 0.5859375 0.42109375 0.591796875 0.425 0.595703125
0 0.403515625 0.6125 0.4125 0.616015625 0.4140625 0.611328125 0.411328125 0.6078125 0.40078125 0.605859375 0.403515625 0.6125
0 0.35703125 0.662109375 0.3671875 0.663671875 0.37109375 0.662109375 0.37109375 0.658203125 0.359765625 0.65390625 0.35703125 0.662109375
0 0.3359375 0.634765625 0.336328125 0.6375 0.34765625 0.637890625 0.3625 0.634765625 0.362890625 0.61875 0.353515625 0.62109375 0.3359375 0.634765625
0 0.4203125 0.594921875 0.4234375 0.591796875 0.421484375 0.58984375 0.41875 0.591796875 0.4203125 0.594921875
0 0.43125 0.607421875 0.426953125 0.60546875 0.428125 0.612109375 0.43125 0.607421875
0 0.43984375 0.565234375 0.44140625 0.560546875 0.434765625 0.559375 0.43515625 0.563671875 0.43984375 0.565234375
0 0.432421875 0.5796875 0.42734375 0.576953125 0.427734375 0.5828125 0.431640625 0.58046875 0.434765625 0.5859375 0.43828125 0.585546875 0.438671875 0.57734375 0.44453125 0.580859375 0.443359375 0.57421875 0.432421875 0.5796875
0 0.416015625 0.6109375 0.413671875 0.60703125 0.408203125 0.60703125 0.4046875 0.603515625 0.404296875 0.596875 0.403125 0.610546875 0.416015625 0.61171875 0.4203125 0.617578125 0.42265625 0.615234375 0.421875 0.598046875 0.41875 0.598046875 0.416015625 0.6109375
0 0.441015625 0.58828125 0.4328125 0.591796875 0.434765625 0.6015625 0.4390625 0.601171875 0.4375 0.595703125 0.439453125 0.59296875 0.440625 0.594921875 0.43984375 0.603515625 0.4328125 0.607421875 0.439453125 0.6078125 0.44375 0.612890625 0.446875 0.607421875 0.44453125 0.602734375 0.44609375 0.591796875 0.441015625 0.58828125