0 0.6888687015625 0.915697675 0.719876453125 0.9021317828125 0.732473353125 0.9031007750000001 0.7392562984375 0.89922480625 0.74458575625 0.8890503875 0.7416787796875 0.87742248125 0.7130935078125 0.8468992249999999 0.6869307171875 0.8294573640625 0.66173691875 0.8062015499999999 0.598752421875 0.7674418609375 0.58518653125 0.7625969 0.574527615625 0.7703488375 0.565322190625 0.7650193796875 0.5716206390624999 0.7606589140625 0.5619307171875 0.7529069765624999 0.5522407953124999 0.7509689921875 0.54448885625 0.7577519374999999 0.522202034375 0.7606589140625 0.5052446703125 0.7853682171874999 0.5173570734374999 0.796511628125 0.5318919578125 0.800387596875 0.546426840625 0.812015503125 0.5561167640625 0.81492248125 0.6045663765625 0.8682170546875 0.625399709375 0.8812984500000001 0.629275678125 0.8919573640625 0.6244307171875 0.9026162796874999 0.6132873062499999 0.9098837203125001 0.5910004843750001 0.908914728125 0.589546996875 0.919089146875 0.611349321875 0.9476744187499999 0.619101259375 0.9467054265625 0.63363614375 0.9631782953125001 0.6457485468749999 0.9665697671875 0.66803536875 0.959786821875 0.669973353125 0.94912790625 0.6786942828125 0.9404069765624999 0.6888687015625 0.915697675
0 0.6045663765625 0.8691860468750001 0.5599927328125001 0.8207364343749999 0.5377059109375 0.81007751875 0.5255935078125 0.82412790625 0.516872578125 0.8425387593749999 0.5178415703125 0.8473837203125001 0.5716206390624999 0.89922480625 0.5803415703125 0.89922480625 0.587124515625 0.8943798453125 0.5900314921875001 0.9079457359375 0.6147407953124999 0.9093992249999999 0.6210392437500001 0.9069767437499999 0.629275678125 0.8958333328125001 0.62733769375 0.8832364343749999 0.6045663765625 0.8691860468750001
0 0.47229893437500003 0.8115310078125001 0.4844113375 0.8255813953125 0.516872578125 0.8435077515625 0.5372214140625 0.8086240312499999 0.49216327499999996 0.783914728125 0.47229893437500003 0.8066860468750001 0.47229893437500003 0.8115310078125001
0 0.416097384375 0.749515503125 0.4228803296875 0.726259690625 0.4219113375 0.717538759375 0.4102834296875 0.6942829453125 0.40204699687499995 0.68992248125 0.3938105625 0.7030038765625 0.391872578125 0.7252906984374999 0.383151646875 0.7369186046875 0.3812136625 0.749515503125 0.362802809375 0.773740309375 0.3700702515625 0.7751937984375 0.37976017500000003 0.7674418609375 0.38363614375 0.7771317828125001 0.3981710265625 0.783914728125 0.4088299421875 0.783914728125 0.411252421875 0.7892441859375 0.45243459374999995 0.7732558140625 0.4752059109375 0.7688953484375001 0.4640625 0.759689921875 0.416097384375 0.749515503125
0 0.411252421875 0.7921511625 0.4146438953125 0.796511628125 0.43305474843749997 0.8023255812500001 0.455826065625 0.8037790703125 0.47326792656250005 0.78052325625 0.47181443749999996 0.7703488375 0.449527615625 0.77422480625 0.411252421875 0.7921511625
0 0.5716206390624999 0.8313953484375001 0.5493338171875 0.8139534890625001 0.4970082359375 0.783914728125 0.4931322671875 0.7829457359374999 0.485864825 0.7892441859375 0.47229893437500003 0.8076550390625 0.48150436093750004 0.8236434109375 0.5183260656249999 0.8459302328125 0.5687136625 0.897286821875 0.58518653125 0.9021317828125 0.5822795546874999 0.9069767437499999 0.617647771875 0.9084302328125 0.6283066859375 0.8977713171874999 0.62733769375 0.8842054265625 0.6026283921875 0.8672480625000001 0.5716206390624999 0.8313953484375001
0 0.6263687015625 0.697189921875 0.6249152125 0.6928294578124999 0.57258963125 0.6908914734375 0.5643531984375 0.6981589140625 0.556601259375 0.737887596875 0.5638687015625 0.744186046875 0.5759811046875 0.745639534375 0.5798570734374999 0.7243217046875 0.5919694765625 0.7131782953125 0.6103803296875 0.7102713171875 0.6263687015625 0.697189921875
0 0.5791167640625 0.7430484500000001 0.6333716078125 0.70040019375 0.5713667640625 0.68295251875 0.5752417640624999 0.6422422484375 0.5275314921875001 0.6351744187499999 0.54036385625 0.67907558125 0.5287378875 0.7159079453125 0.550051840625 0.7391715109375 0.5791167640625 0.7430484500000001
0 0.486349321875 0.5915697671875 0.49579699687499995 0.6209186046874999 0.54423885625 0.6267344968749999 0.54423885625 0.584085271875 0.486349321875 0.5915697671875
0 0.54423885625 0.586024225 0.47835804218750005 0.5899011625 0.37976017500000003 0.6303294578124999 0.39503924375 0.67907558125 0.48998498125 0.6247955421875 0.54423885625 0.6247955421875 0.54423885625 0.586024225
0 0.3700702515625 0.5673449609375 0.33497141406250003 0.5782693796875 0.34853536875 0.5937781 0.37953730625 0.584085271875 0.3700702515625 0.5673449609375
0 0.5733037796875 0.6403042640625001 0.6023687015625 0.6461201546875001 0.607473353125 0.6182170546875 0.5771797484375 0.6170406984375 0.550051840625 0.6034709296874999 0.546176840625 0.62867248125 0.5733037796875 0.6403042640625001
0 0.4802960265625 0.66162790625 0.4693919578125 0.6618217046875 0.4725450578125 0.6848914734375 0.51323595 0.706215115625 0.5345508718749999 0.70040019375 0.4802960265625 0.66162790625
0 0.8400314921875 0.6739341078125001 0.7806342046875 0.6635668609375001 0.7845092046875 0.6907073640625 0.8348880812499999 0.706215115625 0.8400314921875 0.6739341078125001
0 0.6341206390624999 0.51647286875 0.6139946703125 0.5511298453125 0.6314336234375 0.5724544578125 0.6527485468750001 0.5259282953125 0.6341206390624999 0.51647286875
0 0.631698159375 0.7466085265625 0.641122578125 0.7856967046875 0.6663115312500001 0.8012054265625 0.660498546875 0.7585571703125 0.631698159375 0.7466085265625