0 0 0.6528125 0.013750000000000002 0.6840625 0.031875 0.7009375 0.060625 0.7034374999999999 0.091875 0.7146874999999999 0.094375 0.7009375 0.125 0.6990624999999999 0.12625 0.6853125 0.13874999999999998 0.6765625 0.141875 0.6509375000000001 0.155 0.6540625 0.15687500000000001 0.6684375 0.169375 0.6634375 0.171875 0.6534375 0.1875 0.6528125 0.18937500000000002 0.6121875 0.193125 0.6384375 0.2 0.6340625 0.196875 0.6209374999999999 0.20437500000000003 0.6284375 0.215625 0.6221875 0.22000000000000003 0.6303124999999999 0.21749999999999997 0.6590625 0.21000000000000002 0.6653125 0.224375 0.6646875 0.22125 0.6703125 0.2325 0.6778125 0.2325 0.7140625 0.228125 0.7071875000000001 0.216875 0.7234375 0.20437500000000003 0.7221875 0.200625 0.7084374999999999 0.198125 0.7134375000000001 0.18062499999999998 0.7159375 0.17250000000000001 0.6990624999999999 0.1675 0.6978125000000001 0.17250000000000001 0.6940625 0.16999999999999998 0.6840625 0.15812500000000002 0.6846875 0.15 0.6953125 0.15125 0.7165625 0.15437499999999998 0.7196875 0.15812500000000002 0.7159375 0.16 0.7253125 0.16999999999999998 0.7328125 0.168125 0.7534375 0.153125 0.7259375 0.14937499999999998 0.7284375 0.145625 0.7234375 0.141875 0.7284375 0.140625 0.7234375 0.130625 0.7234375 0.12125 0.7328125 0.13625 0.7503124999999999 0.121875 0.7621875 0.110625 0.7621875 0.10874999999999999 0.7478125 0.09812499999999999 0.7459374999999999 0.08625000000000001 0.7478125 0.08625000000000001 0.7603125000000001 0.073125 0.7759375000000001 0.058125 0.7759375000000001 0.036875000000000005 0.7634375 0.020624999999999998 0.7634375 0.01 0.7765625 0 0.8065625000000001 0.000625 0.8309374999999999 0.075625 0.8309374999999999 0.09875 0.7965625000000001 0.10687500000000001 0.7921875 0.130625 0.7946875 0.135625 0.8071875000000001 0.14937499999999998 0.7971874999999999 0.15687500000000001 0.8021874999999999 0.200625 0.8034375 0.21937500000000001 0.7859375 0.226875 0.7846875 0.248125 0.7946875 0.24874999999999997 0.8003125000000001 0.268125 0.8171875 0.323125 0.8271875 0.340625 0.8259375 0.34500000000000003 0.7940625 0.353125 0.7871875 0.37312500000000004 0.7846875 0.409375 0.7471875 0.433125 0.7484375 0.46687500000000004 0.7671875 0.47562499999999996 0.7621875 0.47750000000000004 0.7553124999999999 0.47000000000000003 0.7490625 0.47874999999999995 0.7440625 0.475 0.7190624999999999 0.48312499999999997 0.7159375 0.48375 0.7303124999999999 0.49749999999999994 0.7403125 0.48687500000000006 0.7471875 0.48312499999999997 0.7396874999999999 0.48125 0.7440625 0.48624999999999996 0.7790625 0.509375 0.7734375 0.521875 0.7771874999999999 0.52625 0.7828125 0.526875 0.8059375 0.5625 0.8053125 0.56875 0.7953125 0.5650000000000001 0.7940625 0.5662499999999999 0.7678125 0.5725 0.7553124999999999 0.57875 0.7528125 0.58125 0.7390625 0.591875 0.7371875 0.5925 0.7603125000000001 0.57875 0.7640625 0.58 0.7703125 0.5856250000000001 0.7684375 0.5900000000000001 0.7753125 0.57875 0.7790625 0.58 0.7915625000000001 0.585 0.7903125 0.595625 0.8109375 0.619375 0.8184374999999999 0.665625 0.8134375 0.681875 0.8184374999999999 0.696875 0.8309374999999999 0.73625 0.8315625000000001 0.744375 0.8309374999999999 0.755 0.8190625 0.754375 0.7459374999999999 0.78125 0.7490625 0.78125 0.7753125 0.76625 0.7978125 0.776875 0.8071875000000001 0.7975 0.7890625 0.8162499999999999 0.7553124999999999 0.8375 0.7365625 0.8481249999999999 0.7009375 0.899375 0.6759375000000001 0.930625 0.6684375 0.946875 0.6534375 1 0.6478125 0.999375 0.1684375 0.396875 0.1684375 0.39 0.1753125 0.39375 0.22156250000000002 0.38875000000000004 0.2328125 0.364375 0.2571875 0.316875 0.27468750000000003 0.290625 0.3021875 0.268125 0.3071875 0.24312499999999998 0.32218749999999996 0.200625 0.36843750000000003 0.15687500000000001 0.3834375 0.11187499999999999 0.3921875 0.095625 0.40093750000000006 0.09125 0.42781250000000004 0.071875 0.43218750000000006 0.061250000000000006 0.4403125 0.057499999999999996 0.5215625 0.06375 0.5290625 0.06375 0.5490625 0.06 0.5640625 0 0.6165625 0 0.6528125
0 0.00125 0.2690625 0.15812500000000002 0.1996875 0.190625 0.1921875 0.19875 0.1840625 0.20249999999999999 0.1703125 0.000625 0.1671875 0.00125 0.2690625
0 0.0075 0.3228125 0.013750000000000002 0.31906249999999997 0.015 0.3103125 0.009375 0.30343749999999997 0.000625 0.30343749999999997 0 0.32156250000000003 0.0075 0.3228125
0 0.0325 0.44656250000000003 0.031875 0.4371875 0.026250000000000002 0.4453125 0.0325 0.44656250000000003
0 0.021875 0.4796875 0.01875 0.48656249999999995 0.025 0.49031250000000004 0.028749999999999998 0.48531250000000004 0.021875 0.4796875
0 0.034999999999999996 0.5540625 0.034999999999999996 0.5590625 0.04 0.5590625 0.044375 0.5509375000000001 0.034999999999999996 0.5540625
0 0.056874999999999995 0.5209374999999999 0.04625 0.5240625 0.052500000000000005 0.5315624999999999 0.058750000000000004 0.5278125 0.056874999999999995 0.5209374999999999
0 0.040625 0.5334375 0.03875 0.5428124999999999 0.04625 0.5440625 0.05 0.5353125000000001 0.040625 0.5334375
0 0.013750000000000002 0.5528125 0.001875 0.5471874999999999 0.00125 0.5753125 0.017499999999999998 0.5690625 0.013750000000000002 0.5528125
0 0.000625 0.4646875 0 0.5178125 0.005 0.5190625 0.013750000000000002 0.5090625 0.01125 0.49781250000000005 0.016875 0.4984375 0.02 0.4928125 0.02 0.4765625 0.000625 0.4646875
0 0.045 0.4078125 0.043125000000000004 0.4021875 0.0375 0.40531249999999996 0.045 0.4078125
0 0.049375 0.41593749999999996 0.0475 0.4190625 0.052500000000000005 0.4215625 0.05375 0.41656250000000006 0.049375 0.41593749999999996
0 0.045 0.3915625 0.040625 0.3859375 0.033125 0.3859375 0.03 0.3953125 0.03875 0.3978125 0.045 0.3915625
0 0.031875 0.3246875 0.03 0.3353125 0.03875 0.3365625 0.04 0.3278125 0.031875 0.3246875
0 0.12 0.2740625 0.118125 0.2684375 0.11625 0.2728125 0.12 0.2740625
0 0.0925 0.2765625 0.094375 0.2821875 0.10124999999999999 0.2815625 0.099375 0.2734375 0.0925 0.2765625
0 0.08499999999999999 0.2815625 0.079375 0.2734375 0.0675 0.2815625 0.073125 0.28718750000000004 0.08249999999999999 0.2865625 0.08499999999999999 0.2815625
0 0.21875 0.2815625 0.21187499999999998 0.27218749999999997 0.20750000000000002 0.27531249999999996 0.20750000000000002 0.2953125 0.2125 0.3203125 0.21875 0.2815625
0 0.29 0.2915625 0.290625 0.2846875 0.28250000000000003 0.28531249999999997 0.29 0.2915625
0 0.28625 0.2515625 0.270625 0.2421875 0.27375 0.26156250000000003 0.281875 0.2709375 0.2875 0.2703125 0.28625 0.2515625
0 0.34249999999999997 0.23531249999999998 0.334375 0.22218749999999998 0.32125 0.21781250000000002 0.323125 0.2146875 0.31437499999999996 0.2184375 0.309375 0.2146875 0.305625 0.22593749999999999 0.29625 0.2265625 0.30125 0.2303125 0.29500000000000004 0.2403125 0.28375 0.2453125 0.290625 0.2671875 0.303125 0.2621875 0.315 0.27156250000000004 0.35 0.26156250000000003 0.343125 0.2534375 0.33625 0.2528125 0.33625 0.24656250000000002 0.34375 0.24281250000000001 0.34249999999999997 0.23531249999999998
0 0.25625 0.1953125 0.255625 0.1909375 0.25125000000000003 0.1953125 0.25625 0.1953125
0 0.23562500000000003 0.17093750000000002 0.23374999999999999 0.1840625 0.2425 0.18656250000000002 0.24500000000000002 0.17906249999999999 0.23562500000000003 0.17093750000000002