0 0.582152975 0.65553293125 0.6303116140625 0.6527000703125 0.6699716718750001 0.6187057359375 0.7946175640625001 0.60454143125 0.8087818703125 0.6215385984374999 0.818696884375 0.6144564453125 0.8158640234375 0.5747963875 0.7790368265625001 0.50964058125 0.8016997171875 0.50964058125 0.804532578125 0.46998052343749996 0.777620396875 0.4855612609375 0.7747875359374999 0.4430683421875 0.7549575078124999 0.4572326484375 0.71529745 0.4543997875 0.6728045328125 0.40907400781250003 0.6388101984375 0.400575425 0.64730878125 0.38641111875 0.6359773375 0.39207684062500003 0.6203966000000001 0.3764961046875 0.6317280453125 0.3283374640625 0.6062322953125 0.3340031875 0.6586402265625 0.23626947656250002 0.6203966000000001 0.2773459625 0.6033994328125 0.314173159375 0.5651558078125001 0.3467510625 0.5169971671875 0.341085340625 0.505665721875 0.352416784375 0.4773371109375 0.33258675625 0.45467422031250004 0.36091536875 0.41784702500000004 0.366581090625 0.3895184140625 0.394909703125 0.3753541078125 0.394909703125 0.371104815625 0.421821884375 0.3470254953125 0.420405453125 0.345609065625 0.4388190515625 0.3257790375 0.4501504953125 0.30028328593750003 0.4926434140625 0.25779036875 0.5124734421875 0.27195467500000003 0.5238048859375 0.2521246453125 0.5379691921875 0.24362606250000002 0.569130665625 0.24787535468750002 0.581878540625 0.2677053828125 0.5790456796875 0.303116146875 0.6116235828125001 0.303116146875 0.6427850562499999 0.2691218125 0.6767793906249999 0.2790368265625 0.7065244328125 0.31444759218749996 0.6597822234375 0.3328611890625 0.6527000703125 0.34419263437500003 0.6753629609375 0.3682719546875 0.67111366875 0.3640226625 0.7206887390625 0.383852690625 0.692360128125 0.4036827203125 0.692360128125 0.4093484421875 0.7348530453125 0.41926345625000006 0.7079408640625 0.43201133125 0.7036915718750001 0.4348441921875 0.717855878125 0.4461756375 0.7093572953125 0.46033994375000004 0.7235216 0.48583569375 0.7206887390625 0.48441926406249997 0.7362694765625 0.4971671390625 0.7461844906249999 0.533994334375 0.7235216 0.5637393765625001 0.744768059375 0.582152975 0.7405187671875 0.5835694046875 0.7277708921875 0.5495750703125 0.7022751421875 0.5368271953125 0.6753629609375 0.5538243625 0.68386154375 0.582152975 0.65553293125
0 0.9022662890625 0.528054178125 0.8796034 0.5450513453125 0.8682719546875 0.5365527625000001 0.8385269125000001 0.5606320828125 0.858356940625 0.5577992203125001 0.8611898015625 0.58896069375 0.8441926343749999 0.597459278125 0.8413597734374999 0.6116235828125001 0.8484419265625001 0.6272043203125001 0.8611898015625 0.6257878890625 0.871104815625 0.5988757078125 0.8937677046875001 0.6130400140625001 0.9206798859375 0.569130665625 0.9093484421875001 0.5521334984374999 0.917847025 0.5379691921875 0.9022662890625 0.528054178125
0 0.2606232296875 0.45298335625 0.26203965937499996 0.434569759375 0.23796034062500002 0.43315332812499996 0.2606232296875 0.45298335625
0 0.277620396875 0.4359861890625 0.3257790375 0.461481940625 0.331444759375 0.4501504953125 0.31161473125 0.4388190515625 0.3484419265625 0.4246547453125 0.330028328125 0.40624114687499996 0.3215297453125 0.42607117499999997 0.277620396875 0.4359861890625
0 0.250708215625 0.48272839999999995 0.2209631734375 0.501141996875 0.24362606250000002 0.5181391640624999 0.25495750781250004 0.5124734421875 0.250708215625 0.48272839999999995
0 0.7521246453125 0.103125 0.6855524078124999 0.189527265625 0.6912181296875 0.20085871093750002 0.728045325 0.15553293125 0.7521246453125 0.103125
0 0.5920679890625 0.305674575 0.6005665718750001 0.26601451875 0.6147308781249999 0.2518502125 0.607648725 0.23626947656250002 0.589235128125 0.2631816578125 0.5835694046875 0.305674575 0.5920679890625 0.305674575
0 0.44475920625 0.10737429218750001 0.4093484421875 0.1059578609375 0.4079320109375 0.1328700421875 0.42067988593749994 0.151283640625 0.4362606234375 0.149867209375 0.44475920625 0.10737429218750001
0 0.015580735937500001 0.37224681249999997 0.0099150140625 0.41190687031250006 0 0.3764961046875 0.00141643125 0.44873406562499996 0.0099150140625 0.4317368984375 0.0113314453125 0.44448477343750004 0.029745042187499997 0.4543997875 0.075070821875 0.44873406562499996 0.1331444765625 0.461481940625 0.1317280453125 0.44873406562499996 0.087818696875 0.41898902343750005 0.09348441874999999 0.4048247171875 0.08073654375 0.4034082859375 0.075070821875 0.38641111875 0.015580735937500001 0.37224681249999997
0 0.6033994328125 0.716439446875 0.6232294625 0.72493803125 0.6345609062500001 0.7107737249999999 0.6260623234375 0.6937765578125 0.6373937671875 0.6824451140625001 0.607648725 0.6753629609375 0.5977337109375 0.6994422796875 0.6033994328125 0.716439446875
0 0.9235127484375001 0.6144564453125 0.9277620390625 0.6272043203125001 0.9376770531249999 0.6257878890625 0.94475920625 0.615872875 0.9235127484375001 0.6144564453125
0 0.8399433421875001 0.513889871875 0.8484419265625001 0.5053912890625 0.856940509375 0.5195555953125 0.917847025 0.5209720250000001 0.94759206875 0.513889871875 0.9716713875 0.489810553125 0.9645892343750001 0.4572326484375 0.8385269125000001 0.4501504953125 0.82436260625 0.48131196875000004 0.8399433421875001 0.513889871875
0 0.722379603125 0.393493271875 0.7337110484375 0.3849946890625 0.711048159375 0.3906604109375 0.722379603125 0.393493271875
0 0.6317280453125 0.3708303828125 0.6331444765625001 0.39207684062500003 0.6600566578125 0.393493271875 0.6586402265625 0.366581090625 0.6317280453125 0.3708303828125
0 0.8201133140625 0.1569493625 0.77053824375 0.20085871093750002 0.8101983 0.2065244328125 0.8271954671874999 0.18386154375 0.8201133140625 0.1569493625
0 0.9461756375 0.784428115625 0.939093484375 0.7716802406250001 0.9376770531249999 0.784428115625 0.9461756375 0.784428115625
0 0.616147309375 0.757515934375 0.573654390625 0.7518502125000001 0.55240793125 0.7674309484374999 0.5566572234375 0.800008853125 0.6147308781249999 0.812756728125 0.6317280453125 0.80425814375 0.6303116140625 0.7943431296875 0.6501416437499999 0.8028417140625 0.66288951875 0.77876239375 0.62181303125 0.7490173515625 0.616147309375 0.757515934375
0 0.4277620390625 0.77876239375 0.440509915625 0.7036915718750001 0.42209631718749996 0.75043378125 0.4277620390625 0.77876239375
0 0.399433428125 0.8410853406250001 0.42067988593749994 0.839668909375 0.43342776250000004 0.8240881734375 0.42067988593749994 0.811340296875 0.4008498578125 0.814173159375 0.385269121875 0.8325867562499999 0.399433428125 0.8410853406250001
0 0.2790368265625 0.7206887390625 0.23512747812499998 0.7362694765625 0.263456090625 0.7419351984375 0.2861189796875 0.7334366140624999 0.2790368265625 0.7206887390625
0 0.2393767703125 0.5847114015625 0.2181303109375 0.5946264171875 0.2209631734375 0.6682808078125 0.2322946171875 0.6767793906249999 0.223796034375 0.6824451140625001 0.2662889515625 0.716439446875 0.277620396875 0.69660941875 0.2606232296875 0.6824451140625001 0.288951840625 0.6541165015625 0.288951840625 0.6144564453125 0.2677053828125 0.5875442640624999 0.2393767703125 0.5847114015625