0 0.502717390625 0.1923233703125 0.510869565625 0.252105978125 0.5271739125 0.2602581515625 0.5529891296875 0.1882472828125 0.622282609375 0.1787364125 0.5122282609375 0.1474864125 0.466032609375 0.1502038046875 0.461956521875 0.17330162968750001 0.502717390625 0.1923233703125
0 0.29076087031250003 0.4233016296875 0.2853260875 0.45319293437499997 0.3070652171875 0.5048233703125 0.3070652171875 0.6108016296875001 0.32608695625 0.6189538046874999 0.3288043484375 0.49395380468749994 0.36141304375 0.44504076093749995 0.3423913046875 0.43417119531250004 0.332880434375 0.408355978125 0.3138586953125 0.40563858750000004 0.29076087031250003 0.4233016296875
0 0.9769021734375001 0.63389945625 0.7826086953125 0.63797554375 0.8070652171875 0.6705842390625001 0.8152173906250001 0.7928668484375 0.8315217390624999 0.801019021875 0.8342391296875 0.676019021875 0.8491847828125 0.6665081515625 0.8736413046875 0.6909646734375 0.895380434375 0.6610733703125 0.9388586953125 0.6746603265625 0.9769021734375001 0.63389945625
0 0.8682065218749999 0.5931385875 0.8804347828125 0.5727581515625 0.8464673906250001 0.582269021875 0.60733695625 0.5496603265625 0.5951086953125 0.5673233703125 0.627717390625 0.60264945625 0.635869565625 0.6868885875 0.6440217390625 0.689605978125 0.6521739125 0.6189538046874999 0.6725543484375 0.6203125 0.6915760875 0.595855978125 0.7513586953125 0.6040081515625 0.7622282609375 0.5904211953125 0.8682065218749999 0.5931385875
0 0.6086956515625 0.47764945625 0.555706521875 0.47629076093749995 0.5122282609375 0.4409646734375 0.471467390625 0.4328125 0.47010869531250005 0.461345109375 0.5054347828125 0.54014945625 0.5054347828125 0.765692934375 0.5190217390625 0.7684103265625 0.5217391296875 0.537432065625 0.5407608703125 0.49938858750000004 0.5584239125 0.48716032656249997 0.5815217390625 0.49395380468749994 0.59375 0.5306385875 0.6086956515625 0.47764945625
0 0.8002717390624999 0.4328125 0.79891304375 0.44504076093749995 0.8274456515624999 0.46270380468749994 0.8383152171875 0.45183423906250003 0.8519021734375001 0.457269021875 0.8736413046875 0.506182065625 0.8872282609375001 0.48444293437499997 0.9157608703125 0.502105978125 0.9184782609375001 0.57547554375 0.9347826093749999 0.5809103265625 0.9375 0.49395380468749994 0.9592391296875 0.44232337031249996 0.9565217390624999 0.426019021875 0.8464673906250001 0.40563858750000004 0.8192934781250001 0.430095109375 0.8002717390624999 0.4328125
0 0.4279891296875 0.21542119531249998 0.408967390625 0.21542119531249998 0.35190217343749997 0.24802989062499997 0.3586956515625 0.22764945625 0.346467390625 0.2181385875 0.315217390625 0.2493885875 0.3179347828125 0.29014945625 0.33016304375 0.2996603265625 0.3396739125 0.2928668484375 0.346467390625 0.2507472828125 0.377717390625 0.2819972828125 0.39673912968749997 0.3390625 0.4021739125 0.45591032656249997 0.4116847828125 0.47357337031249996 0.4293478265625 0.474932065625 0.4293478265625 0.3336277171875 0.4375 0.31188858750000004 0.475543478125 0.2765625 0.48097826093749996 0.2548233703125 0.45244565156250005 0.242595109375 0.4279891296875 0.21542119531249998
0 0.8817934781250001 0.180095109375 0.8057065218749999 0.15292119531249998 0.7758152171875 0.1637907609375 0.73233695625 0.1502038046875 0.7105978265624999 0.16922554375 0.64266304375 0.15292119531249998 0.635869565625 0.16514945625 0.653532609375 0.20726902187500001 0.6657608703125 0.17601902187500001 0.680706521875 0.171942934375 0.7133152171875 0.1828125 0.73641304375 0.2086277171875 0.7418478265624999 0.273845109375 0.7513586953125 0.28063858750000004 0.7663043484375 0.273845109375 0.778532609375 0.2127038046875 0.8057065218749999 0.20726902187500001 0.8288043484375001 0.2194972828125 0.8396739125 0.24667119531249998 0.8423913046875 0.3716711953125 0.86141304375 0.3825407609375 0.875 0.22221467343749998 0.8845108703125 0.1991168484375 0.8899456515624999 0.2127038046875 0.9021739125 0.20591032656250002 0.8967391296875 0.17330162968750001 0.8817934781250001 0.180095109375
0 0.783967390625 0.3974864125 0.8152173906250001 0.36080162968749996 0.8057065218749999 0.345855978125 0.756793478125 0.3540081515625 0.582880434375 0.3349864125 0.5081521734375001 0.3580842390625 0.51766304375 0.3703125 0.555706521875 0.37302989062499997 0.604619565625 0.430095109375 0.6413043484375 0.43688858750000004 0.6413043484375 0.5075407609375 0.663043478125 0.515692934375 0.67391304375 0.502105978125 0.6793478265624999 0.43417119531250004 0.7038043484375 0.39069293437499997 0.7241847828125 0.37302989062499997 0.7513586953125 0.37302989062499997 0.783967390625 0.3974864125
0 0.2269021734375 0.6366168484375 0.2038043484375 0.6515625 0.2105978265625 0.75889945625 0.22282608750000002 0.752105978125 0.2350543484375 0.6828125 0.278532609375 0.6610733703125 0.29483695625 0.6637907609375 0.30298912968749997 0.685529890625 0.32201087031250003 0.6665081515625 0.3383152171875 0.6665081515625 0.3695652171875 0.6950407609375 0.372282609375 0.7928668484375 0.38858695625 0.7983016296875001 0.4021739125 0.7222146734375 0.45652173906250004 0.662432065625 0.45516304375 0.63389945625 0.43614130468749995 0.6284646734375 0.332880434375 0.6502038046874999 0.2269021734375 0.6366168484375
0 0.09918478281250001 0.42194293437499997 0.082880434375 0.3974864125 0.0720108703125 0.3974864125 0.06793478281250001 0.4178668484375 0.052989129687500004 0.42194293437499997 0.01766304375 0.40020380468749994 0.010869565624999999 0.4178668484375 0.020380434375 0.4328125 0.052989129687500004 0.42466032656249997 0.082880434375 0.43552989062499997 0.13858695625 0.51297554375 0.149456521875 0.5618885875 0.1467391296875 0.6515625 0.163043478125 0.662432065625 0.1711956515625 0.6515625 0.17391304375 0.5211277171875001 0.2065217390625 0.4233016296875 0.1725543484375 0.40292119531250004 0.158967390625 0.42194293437499997 0.09918478281250001 0.42194293437499997
0 0.0461956515625 0.6705842390625001 0.0625 0.7086277171875001 0.0625 0.7819972828124999 0.0842391296875 0.7928668484375 0.1059782609375 0.7738451093750001 0.11684782656249999 0.6515625 0.10461956562500001 0.631182065625 0.0774456515625 0.623029890625 0.04891304375 0.640692934375 0.0461956515625 0.6705842390625001
0 0.059782609375 0.301019021875 0.0625 0.2086277171875 0.09646739062500001 0.171942934375 0.125 0.1705842390625 0.1345108703125 0.2127038046875 0.14538043437499998 0.171942934375 0.16440217343750002 0.171942934375 0.1820652171875 0.18688858749999998 0.1929347828125 0.21677989062499997 0.1875 0.3825407609375 0.20108695625 0.38797554375 0.211956521875 0.2194972828125 0.25951087031250003 0.1637907609375 0.3070652171875 0.154279890625 0.0502717390625 0.15292119531249998 0.0502717390625 0.305095109375 0.059782609375 0.301019021875
0 0.2269021734375 0.4328125 0.2445652171875 0.474932065625 0.25815217343749997 0.47764945625 0.260869565625 0.43688858750000004 0.2269021734375 0.4328125
0 0.32201087031250003 0.16922554375 0.315217390625 0.18688858749999998 0.3315217390625 0.1923233703125 0.3396739125 0.1814538046875 0.32201087031250003 0.16922554375
0 0.3383152171875 0.1502038046875 0.33423912968749997 0.16514945625 0.350543478125 0.1705842390625 0.3559782609375 0.1569972828125 0.3383152171875 0.1502038046875
0 0.413043478125 0.18417119531249998 0.40625 0.171942934375 0.4021739125 0.1814538046875 0.413043478125 0.18417119531249998
0 0.0353260875 0.16514945625 0.03125 0.15292119531249998 0.0217391296875 0.1569972828125 0.0353260875 0.16514945625
0 0.9904891296875 0.1637907609375 0.9619565218749999 0.17601902187500001 0.9755434781250001 0.189605978125 0.9945652171875 0.18417119531249998 0.9904891296875 0.1637907609375