0 0.5671875 0.3828125 0.5640625 0.384375 0.56484375 0.3953125 0.56015625 0.40078125 0.5484375 0.40390625 0.5453125 0.4140625 0.540625 0.41875 0.53046875 0.45390625 0.5203125 0.46875 0.51953125 0.50703125 0.52421875 0.521875 0.53203125 0.53125 0.53203125 0.53671875 0.5171875 0.5515625 0.50546875 0.5578125 0.49921875 0.56640625 0.5 0.5703125 0.50703125 0.57421875 0.521875 0.57421875 0.52421875 0.5796875 0.50859375 0.63046875 0.5046875 0.70859375 0.5015625 0.72265625 0.5015625 0.7265625 0.50703125 0.7296875 0.5654914062499999 0.73212734375 0.55618671875 0.68325390625 0.5833265625 0.60722734375 0.58203125 0.55078125 0.5828125 0.52578125 0.590625 0.51875 0.5953125 0.50390625 0.60703125 0.49453125 0.62578125 0.490625 0.6390625 0.4828125 0.65625 0.48125 0.66875 0.4765625 0.67578125 0.459375 0.67578125 0.434375 0.653125 0.39453125 0.6484375 0.39375 0.64453125 0.3984375 0.63828125 0.39921875 0.6265625 0.38515625 0.61875 0.3859375 0.61015625 0.378125 0.59921875 0.378125 0.58203125 0.38046875 0.5703125 0.38671875 0.5671875 0.3828125
0 0.61953125 0.73203125 0.6234375 0.72890625 0.6203125 0.72265625 0.61640625 0.721875 0.60859375 0.72734375 0.61171875 0.73203125 0.61953125 0.73203125
0 0.4515625 0.55390625 0.4546875 0.5453125 0.4546875 0.53359375 0.44921875 0.53125 0.44140625 0.54453125 0.44609375 0.5546875 0.4515625 0.55390625
0 0.48359375 0.478125 0.490625 0.475 0.4953125 0.46796875 0.490625 0.46328125 0.48203125 0.46171875 0.47734375 0.465625 0.4765625 0.475 0.48359375 0.478125
0 0.69453125 0.59921875 0.6984375 0.59453125 0.696875 0.58125 0.6921875 0.57734375 0.6796875 0.5765625 0.678125 0.58359375 0.68203125 0.5953125 0.69453125 0.59921875
0 0.7375 0.6484375 0.74140625 0.63515625 0.7375 0.61953125 0.73125 0.615625 0.72578125 0.6390625 0.7296875 0.653125 0.7375 0.6484375
0 0.56484375 0.36640625 0.56875 0.36796875 0.57578125 0.36640625 0.58984375 0.3546875 0.5921875 0.34453125 0.58828125 0.3375 0.57109375 0.3328125 0.56328125 0.3375 0.5609375 0.3515625 0.56484375 0.36640625
0 0.45390625 0.52578125 0.45234375 0.52578125 0.45234375 0.5265625 0.45078125 0.5265625 0.45078125 0.52734375 0.45 0.52734375 0.45 0.52890625 0.4484375 0.5296875 0.4484375 0.53125 0.44765625 0.53125 0.44765625 0.53203125 0.446875 0.53203125 0.44609375 0.53515625 0.4453125 0.53515625 0.4453125 0.53671875 0.44375 0.5375 0.44296875 0.540625 0.4421875 0.540625 0.4421875 0.5421875 0.44140625 0.5421875 0.44140625 0.5453125 0.440625 0.5453125 0.440625 0.5546875 0.44140625 0.5546875 0.44140625 0.55625 0.4421875 0.55625 0.4421875 0.55703125 0.44375 0.55703125 0.44375 0.5578125 0.44921875 0.5578125 0.44921875 0.55703125 0.45 0.55703125 0.45 0.553125 0.44921875 0.553125 0.44921875 0.54375 0.45 0.54375 0.45 0.54140625 0.44921875 0.54140625 0.44921875 0.540625 0.45 0.540625 0.45 0.53671875 0.45078125 0.53671875 0.45078125 0.53515625 0.4515625 0.53515625 0.4515625 0.534375 0.45625 0.534375 0.45859375 0.53125 0.459375 0.53125 0.46015625 0.52734375 0.4609375 0.52734375 0.4609375 0.52578125 0.46015625 0.52578125 0.46015625 0.525 0.45625 0.52421875 0.45625 0.525 0.45390625 0.525 0.45390625 0.52578125
0 0.759375 0.41328125 0.72578125 0.40390625 0.70625 0.4078125 0.6953125 0.41875 0.6953125 0.42578125 0.70078125 0.43125 0.69609375 0.4546875 0.70234375 0.4671875 0.71171875 0.471875 0.72578125 0.471875 0.7859375 0.45625 0.809375 0.4546875 0.815625 0.4515625 0.8296875 0.43359375 0.83359375 0.4125 0.821875 0.4015625 0.80078125 0.4015625 0.78828125 0.4046875 0.7734375 0.4140625 0.759375 0.41328125
0 0.734375 0.634375 0.7359375 0.59765625 0.7328125 0.56875 0.72734375 0.56640625 0.72421875 0.6359375 0.73046875 0.63828125 0.734375 0.634375
0 0.7578125 0.65703125 0.75390625 0.65859375 0.75390625 0.66171875 0.76328125 0.665625 0.80390625 0.66640625 0.82421875 0.6609375 0.825 0.61328125 0.8234375 0.60703125 0.81875 0.60546875 0.8140625 0.609375 0.81015625 0.65625 0.7578125 0.65703125
0 0.728125 0.66171875 0.73515625 0.6578125 0.7359375 0.6484375 0.725 0.63828125 0.71875 0.65703125 0.7234375 0.66171875 0.728125 0.66171875