0 0.6104166671875 0.8078125 0.6083333328125 0.7557291671875 0.5677083328125 0.7567708328125 0.5645833328125 0.8057291671875 0.6 0.8119791671875 0.6104166671875 0.8078125
0 0.5229166671875001 0.8098958328125001 0.525 0.7661458328124999 0.5020833328125 0.7598958328125 0.50625 0.7203125 0.48229166718750005 0.7171875 0.48125 0.8078125 0.5229166671875001 0.8098958328125001
0 0.3291666671875 0.8036458328125 0.36666666718749996 0.8078125 0.375 0.8015625 0.375 0.7807291671875001 0.3645833328125 0.7598958328125 0.3645833328125 0.7182291671875001 0.3302083328125 0.7151041671875 0.3291666671875 0.8036458328125
0 0.4010416671875 0.7171875 0.39791666718749996 0.8036458328125 0.43958333281249995 0.8078125 0.44166666718750003 0.7182291671875001 0.4010416671875 0.7171875
0 0.6614583328125 0.7171875 0.65 0.8078125 0.69375 0.8119791671875 0.7 0.7203125 0.6614583328125 0.7171875
0 0.4791666671875 0.6619791671875 0.5 0.6640625 0.5020833328125 0.5286458328125 0.5197916671875 0.5276041671875 0.5229166671875001 0.5078125 0.5177083328125 0.49427083281249995 0.48020833281249997 0.4921875 0.4791666671875 0.6619791671875
0 0.3270833328125 0.6598958328125 0.3645833328125 0.6619791671875 0.3604166671875 0.5286458328125 0.3708333328125 0.5265625 0.3708333328125 0.5036458328125 0.36770833281250004 0.49635416718750003 0.3302083328125 0.49635416718750003 0.3270833328125 0.6598958328125
0 0.4 0.6619791671875 0.44166666718750003 0.6640625 0.44375 0.4973958328125 0.42395833281249995 0.49635416718750003 0.41979166718750005 0.5109375 0.4114583328125 0.5046875 0.40208333281249997 0.5161458328124999 0.4 0.6619791671875
0 0.7041666671875 0.6661458328125 0.7166666671875 0.5078125 0.7010416671875 0.49427083281249995 0.6708333328125 0.5057291671875 0.66875 0.6161458328125 0.6604166671875 0.6619791671875 0.7041666671875 0.6661458328125
0 0.746875 0.7192708328124999 0.7354166671875 0.8098958328125001 0.7791666671875 0.8140625 0.7875 0.7203125 0.746875 0.7192708328124999
0 0.8010416671874999 0.49427083281249995 0.75625 0.5015625 0.75 0.5682291671875 0.7458333328125 0.6640625 0.7895833328124999 0.6661458328125 0.8010416671874999 0.49427083281249995