0 0.5087111921874999 0.508986928125 0.516881128125 0.49754902031250003 0.5250510625 0.4599673203125 0.54302491875 0.43382352968750004 0.5544628265625 0.3864379078125 0.5511948531249999 0.3684640515625 0.5373059640625 0.35620915000000003 0.5185151140625 0.3635620921875 0.5185151140625 0.3766339875 0.5364889703125 0.4044117640625 0.523417075 0.4583333328125 0.50380923125 0.50081699375 0.47603145468749997 0.5138888890625 0.495639296875 0.562908496875 0.4825674015625 0.597222221875 0.48992034375 0.6045751640625 0.5119791671875 0.6037581703125 0.5217830875 0.598856209375 0.5217830875 0.590686275 0.5087111921874999 0.579248365625 0.50380923125 0.5596405234375 0.513613153125 0.53349673125 0.5087111921874999 0.508986928125
0 0.44907067031250003 0.6764705875 0.46949550625 0.6838235296875 0.47521446093749997 0.6666666671875 0.49400531093750005 0.6625816999999999 0.49155432968749996 0.6503267968750001 0.4670445265625 0.651960784375 0.443351715625 0.6625816999999999 0.44907067031250003 0.6764705875
0 0.427011846875 0.688725490625 0.42864583281249996 0.71323529375 0.4384497546875 0.7197712421875 0.443351715625 0.705065359375 0.43191380781250005 0.6658496734375 0.426194853125 0.651960784375 0.41475694374999994 0.6503267968750001 0.409037990625 0.6576797390625 0.427011846875 0.688725490625
0 0.5585477937500001 0.792483659375 0.549560865625 0.8047385625000001 0.5609987750000001 0.811274509375 0.569168709375 0.8014705875000001 0.5585477937500001 0.792483659375
0 0.46295955937500005 0.8210784312499999 0.46949550625 0.8080065359375 0.4564236109375 0.8096405234375 0.46377655156250003 0.828431371875 0.47684844843749996 0.8235294124999999 0.49237132343749995 0.8276143796875 0.497273284375 0.8161764703125 0.48992034375 0.8055555562500001 0.47848243437500004 0.8055555562500001 0.46949550625 0.814542484375 0.4703125 0.8235294124999999 0.46295955937500005 0.8210784312499999
0 0.49237132343749995 0.794934640625 0.4833843953125 0.7614379078125 0.45969158437499996 0.7704248359375 0.46132557187499995 0.8014705875000001 0.4662275328125 0.8031045750000001 0.49237132343749995 0.794934640625
0 0.4049530234375 0.8039215687500001 0.40086805625000005 0.8161764703125 0.41393995156249996 0.830882353125 0.41720792500000003 0.847222221875 0.4384497546875 0.8521241828124999 0.44661968906249994 0.8439542484375 0.44661968906249994 0.8178104578125 0.43763276093750003 0.8071895421875 0.426194853125 0.812091503125 0.4196589046875 0.8022875812500001 0.4049530234375 0.8039215687500001
0 0.373907271875 0.8872549015625 0.36492034375000004 0.8962418296875001 0.3665543296875 0.9109477125 0.391064134375 0.9158496734374999 0.40658700937500003 0.9068627453125 0.4719464875 0.91176470625 0.4842013890625 0.902777778125 0.47684844843749996 0.89379085 0.4572406046875 0.8970588234375001 0.373907271875 0.8872549015625
0 0.54139093125 0.8766339875 0.5356719765625 0.8627450984375 0.5209660953124999 0.8627450984375 0.516064134375 0.8709150328125 0.514430146875 0.8627450984375 0.49972426406250003 0.8594771234374999 0.48910335 0.8651960781250001 0.48910335 0.875 0.5029922390625 0.8839869281249999 0.516064134375 0.87418300625 0.523417075 0.8880718953125 0.516064134375 0.8921568625 0.512796159375 0.8872549015625 0.513613153125 0.89460784375 0.50380923125 0.8962418296875001 0.495639296875 0.920751634375 0.504626225 0.9297385625000001 0.5283190359375001 0.9223856203125 0.531587009375 0.9338235296875 0.5185151140625 0.96486928125 0.5250510625 0.9681372546875 0.533220996875 0.937091503125 0.5528288406249999 0.917483659375 0.5511948531249999 0.909313725 0.5609987750000001 0.89460784375 0.550377859375 0.8790849671875 0.54139093125 0.8766339875
0 0.29139093125 0.89460784375 0.283220996875 0.8799019609375 0.2676981203125 0.8790849671875 0.265247140625 0.8995098046875001 0.2864889703125 0.902777778125 0.29139093125 0.89460784375
0 0.2578942 0.7173202609375 0.2521752453125 0.7344771234375 0.266881128125 0.741013071875 0.2750510625 0.7246732031249999 0.2578942 0.7173202609375
0 0.32897263125 0.6004901953124999 0.3306066171875 0.564542484375 0.3150837421875 0.560457515625 0.3069138078125 0.5506535953125 0.2979268796875 0.5694444437499999 0.301194853125 0.5923202609375 0.32897263125 0.6004901953124999
0 0.5822406046874999 0.723039215625 0.5920445265625001 0.7181372546875 0.587142565625 0.706699346875 0.5953125 0.703431371875 0.5953125 0.6919934640625 0.5830575984374999 0.689542484375 0.5781556375 0.6748366015625 0.5585477937500001 0.678104575 0.5471098859375 0.668300653125 0.5275020421875001 0.668300653125 0.5095281859375 0.6748366015625 0.50380923125 0.6838235296875 0.498907271875 0.703431371875 0.50707720625 0.706699346875 0.50707720625 0.71486928125 0.498907271875 0.71650326875 0.497273284375 0.7263071890624999 0.504626225 0.7189542484375 0.5103451796875 0.73120915 0.504626225 0.7369281046875 0.49972426406250003 0.73202614375 0.497273284375 0.7426470593750001 0.5119791671875 0.7459150328125 0.5078942 0.758169934375 0.54302491875 0.7671568625 0.550377859375 0.7614379078125 0.5634497546875 0.76633986875 0.5740706703125 0.7573529406249999 0.569168709375 0.7459150328125 0.57733864375 0.7426470593750001 0.5822406046874999 0.723039215625
0 0.6426981203125 0.6560457515625 0.673743871875 0.6576797390625 0.68681576875 0.6397058828125 0.6851817812500001 0.6217320265625 0.6614889703125 0.60620915 0.6451491015624999 0.6111111109375 0.639430146875 0.633169934375 0.6426981203125 0.6560457515625
0 0.6704758984375 0.7197712421875 0.673743871875 0.6903594765625 0.66639093125 0.6830065359375 0.6533190359375001 0.6830065359375 0.6443321078124999 0.6903594765625 0.6426981203125 0.7181372546875 0.6704758984375 0.7197712421875
0 0.6222732843750001 0.2810457515625 0.5977634796875 0.27450980468749997 0.5969464875 0.3259803921875 0.6222732843750001 0.33169934687499997 0.6337111921874999 0.3235294125 0.6426981203125 0.329248365625 0.6451491015624999 0.34150326875000003 0.6541360296875001 0.3423202609375 0.6606719765625 0.332516340625 0.6541360296875001 0.314542484375 0.655770015625 0.28349673124999997 0.6337111921874999 0.2630718953125 0.6279922390625 0.2638888890625 0.6222732843750001 0.2810457515625
0 0.5356719765625 0.2794117640625 0.52586805625 0.26797385625 0.5078942 0.26797385625 0.48828635625 0.295751634375 0.47684844843749996 0.2973856203125 0.4703125 0.310457515625 0.45233864375 0.312091503125 0.44498570312499997 0.3259803921875 0.44498570312499997 0.34068627500000004 0.4572406046875 0.3545751640625 0.46867851250000003 0.3545751640625 0.47684844843749996 0.34150326875000003 0.48992034375 0.3366013078125 0.5209660953124999 0.3431372546875 0.52260008125 0.3529411765625 0.52586805625 0.3447712421875 0.534037990625 0.3513071890625 0.5471098859375 0.3447712421875 0.5446589046875 0.35702614375 0.5626327609375 0.3602941171875 0.5642667484375 0.35049019531250003 0.57897263125 0.3423202609375 0.5806066171875 0.314542484375 0.5659007359375 0.30964052343750004 0.56181576875 0.27777777812500004 0.5356719765625 0.2794117640625
0 0.425377859375 0.3962418296875 0.427828840625 0.4052287578125 0.4547896234375 0.4044117640625 0.45397263125 0.3921568625 0.425377859375 0.3962418296875
0 0.3592013890625 0.3267973859375 0.3583843953125 0.3521241828125 0.38126021250000003 0.3521241828125 0.3828942 0.329248365625 0.3592013890625 0.3267973859375
0 0.37227328437499996 0.27450980468749997 0.37145629062499996 0.28349673124999997 0.379626225 0.28349673124999997 0.38126021250000003 0.275326796875 0.37227328437499996 0.27450980468749997
0 0.390247140625 0.2483660125 0.391064134375 0.23284313750000002 0.3608353765625 0.23366013125 0.3600183828125 0.2475490203125 0.37145629062499996 0.24918300625 0.390247140625 0.2483660125
0 0.3159007359375 0.2099673203125 0.3036458328125 0.19771241875 0.2954758984375 0.19771241875 0.29139093125 0.23120915000000003 0.31263276093750003 0.23611111093749998 0.3159007359375 0.2099673203125
0 0.46050857812499996 0.186274509375 0.425377859375 0.188725490625 0.4221098859375 0.21650326875 0.435998775 0.2483660125 0.442534721875 0.2434640515625 0.45233864375 0.25 0.5185151140625 0.25081699375 0.532404003125 0.2483660125 0.5364889703125 0.23937908437500002 0.531587009375 0.21486928125000002 0.52260008125 0.20751634062500002 0.48828635625 0.20751634062500002 0.46050857812499996 0.186274509375
0 0.765247140625 0.23284313750000002 0.7611621734375 0.2107843140625 0.7243974671875 0.21323529375 0.7227634796875 0.23284313750000002 0.7423713234375 0.23774509843749997 0.765247140625 0.23284313750000002
0 0.7325674015625 0.1315359484375 0.7358353765625 0.1102941171875 0.7154105390625001 0.10294117656249999 0.7080575984374999 0.1102941171875 0.709691584375 0.1217320265625 0.7186785125 0.1307189546875 0.7325674015625 0.1315359484375
0 0.656587009375 0.1568627453125 0.6443321078124999 0.1576797390625 0.65086805625 0.167483659375 0.657404003125 0.16584967343749998 0.656587009375 0.1568627453125
0 0.5528288406249999 0.1560457515625 0.5748876640625 0.1552287578125 0.5740706703125 0.14133986875 0.56181576875 0.1372549015625 0.548743871875 0.14215686249999998 0.5446589046875 0.15277777812499999 0.5528288406249999 0.1560457515625
0 0.43681576875 0.169117646875 0.44825367656250004 0.167483659375 0.4498876640625 0.1495098046875 0.44580269531249994 0.14379085 0.426194853125 0.14215686249999998 0.41557393749999993 0.16584967343749998 0.43681576875 0.169117646875
0 0.40577001562500004 0.17728758125 0.4106719765625 0.1625817 0.40658700937500003 0.15359477187499998 0.3967830875 0.150326796875 0.3779922390625 0.1576797390625 0.38207720625 0.17810457500000001 0.40577001562500004 0.17728758125
0 0.3044628265625 0.133169934375 0.298743871875 0.1290849671875 0.27831903593749996 0.1315359484375 0.28077001562500004 0.14379085 0.30282884062500004 0.14297385625 0.3044628265625 0.133169934375
0 0.8142667484375 0.09068627500000001 0.837142565625 0.0939542484375 0.84612949375 0.0931372546875 0.8485804734375 0.0857843140625 0.8453125 0.0563725484375 0.818351715625 0.055555556250000006 0.8126327609375 0.0678104578125 0.8142667484375 0.09068627500000001
0 0.837142565625 0.224673203125 0.84449550625 0.23366013125 0.8616523687500001 0.23284313750000002 0.8698223046875 0.21650326875 0.8681883171875 0.1985294125 0.8493974671875 0.1911764703125 0.8322406046875 0.21650326875 0.8404105390625001 0.2197712421875 0.837142565625 0.224673203125
0 0.7766850484375001 0.2916666671875 0.77586805625 0.312091503125 0.799560865625 0.312908496875 0.798743871875 0.2892156859375 0.7766850484375001 0.2916666671875
0 0.7431883171875 0.364379084375 0.7391033499999999 0.39297385625 0.7472732843750001 0.39297385625 0.7505412578125 0.3799019609375 0.7431883171875 0.364379084375
0 0.61165236875 0.4044117640625 0.6092013890625 0.3905228765625 0.5936785125 0.3962418296875 0.5920445265625001 0.41258169999999994 0.6002144609375 0.41748365937500004 0.61165236875 0.4044117640625
0 0.43763276093750003 0.6111111109375 0.43191380781250005 0.616830065625 0.441717728125 0.6233660125 0.44661968906249994 0.615196078125 0.43763276093750003 0.6111111109375
0 0.427011846875 0.6217320265625 0.425377859375 0.6102941171875 0.40005106250000005 0.6045751640625 0.39596609531250004 0.625 0.4204758984375 0.6282679734375 0.427011846875 0.6217320265625
0 0.4645935453125 0.0547385625 0.44907067031250003 0.032679739062500004 0.425377859375 0.048202614062499996 0.425377859375 0.0596405234375 0.4531556375 0.0661764703125 0.4645935453125 0.0547385625
0 0.141881128125 0.06535947656249999 0.16720792499999998 0.064542484375 0.173743871875 0.053104575 0.1704758984375 0.03676470625 0.1435151140625 0.0310457515625 0.1345281859375 0.048202614062499996 0.13616217343749998 0.0596405234375 0.141881128125 0.06535947656249999
0 0.1721098859375 0.167483659375 0.18681576875 0.1576797390625 0.1884497546875 0.1462418296875 0.1794628265625 0.13888888906250002 0.1631229578125 0.13888888906250002 0.159037990625 0.1642156859375 0.1721098859375 0.167483659375
0 0.659037990625 0.9289215687500001 0.656587009375 0.9133986921874999 0.6443321078124999 0.9125816999999999 0.6426981203125 0.9305555562500001 0.64760008125 0.9321895421875 0.659037990625 0.9289215687500001
0 0.498907271875 0.9616013078125001 0.49972426406250003 0.9689542484375 0.50707720625 0.9681372546875 0.504626225 0.9607843140625001 0.498907271875 0.9616013078125001
0 0.41312295781249997 0.758169934375 0.409037990625 0.7736928109375001 0.423743871875 0.7753267968750001 0.427011846875 0.7622549015625 0.41312295781249997 0.758169934375