0 0.30078125 0.628515625 0.30546875 0.606640625 0.31953125 0.583203125 0.321875 0.562109375 0.3296875 0.542578125 0.36015625 0.480859375 0.3828125 0.423828125 0.38828125 0.417578125 0.38828125 0.387109375 0.383203125 0.38125 0.369140625 0.3765625 0.3703125 0.372265625 0.364453125 0.36875 0.355859375 0.36796875 0.316015625 0.35078125 0.302734375 0.34921875 0.278515625 0.3359375 0.240234375 0.32578125 0.219921875 0.31640625 0.067578125 0.26640625 0.000390625 0.25234375 0 0.773828125 0.008203125 0.77265625 0.039453125 0.77890625 0.19609375 0.778515625 0.209375 0.765234375 0.259375 0.680859375 0.28125 0.658984375 0.30078125 0.628515625
0 0.909375 0.719140625 0.90703125 0.705078125 0.901953125 0.70078125 0.891015625 0.69921875 0.8859375 0.694140625 0.88125 0.661328125 0.88203125 0.641015625 0.87578125 0.626953125 0.861328125 0.6171875 0.859375 0.612890625 0.8921875 0.487109375 0.89375 0.473828125 0.891015625 0.46953125 0.855078125 0.46328125 0.737890625 0.46328125 0.73828125 0.458203125 0.733984375 0.4578125 0.728515625 0.45078125 0.7046875 0.438671875 0.69765625 0.423046875 0.696875 0.394921875 0.694140625 0.39140625 0.683203125 0.3921875 0.68828125 0.390234375 0.686328125 0.38671875 0.647265625 0.38515625 0.629296875 0.390625 0.596484375 0.3921875 0.532421875 0.38671875 0.530078125 0.384375 0.517578125 0.3859375 0.480859375 0.3734375 0.451171875 0.3671875 0.43828125 0.368359375 0.43515625 0.419140625 0.43125 0.421484375 0.43046875 0.429296875 0.42734375 0.498046875 0.428125 0.583203125 0.43125 0.638671875 0.43515625 0.654296875 0.43359375 0.769921875 0.436328125 0.7765625 0.451953125 0.7796875 0.712109375 0.7796875 0.726171875 0.77734375 0.94296875 0.780078125 0.94453125 0.775390625 0.93203125 0.757421875 0.92421875 0.736328125 0.909375 0.719140625
0 0.36015625 0.683203125 0.3609375 0.691015625 0.36640625 0.691796875 0.37109375 0.687890625 0.369921875 0.678125 0.364453125 0.678125 0.36015625 0.683203125
0 0.93671875 0.655859375 0.9390625 0.650390625 0.931640625 0.64921875 0.9296875 0.654296875 0.93671875 0.655859375
0 0.89765625 0.662109375 0.90703125 0.666796875 0.91015625 0.661328125 0.901171875 0.65234375 0.89765625 0.655078125 0.89765625 0.662109375
0 0.967578125 0.709375 0.9671875 0.718359375 0.973046875 0.72578125 0.978125 0.726953125 0.98125 0.723046875 0.98046875 0.716015625 0.976953125 0.71171875 0.967578125 0.709375
0 0.932421875 0.628125 0.93125 0.637890625 0.938671875 0.64453125 0.9421875 0.644140625 0.94765625 0.638671875 0.9453125 0.634765625 0.939453125 0.62890625 0.932421875 0.628125
0 0.9125 0.517578125 0.91171875 0.528515625 0.9203125 0.530078125 0.9265625 0.512890625 0.922265625 0.50703125 0.917578125 0.50703125 0.9125 0.517578125
0 0.953125 0.560546875 0.95703125 0.574609375 0.96953125 0.576171875 0.97265625 0.570703125 0.96953125 0.558984375 0.955859375 0.55625 0.953125 0.560546875
0 0.93046875 0.689453125 0.940625 0.710546875 0.944921875 0.71484375 0.94921875 0.714453125 0.95234375 0.710546875 0.95078125 0.688671875 0.937890625 0.6796875 0.93046875 0.689453125
0 0.962109375 0.64609375 0.9546875 0.653515625 0.95390625 0.662109375 0.958203125 0.66796875 0.97109375 0.668359375 0.98046875 0.665234375 0.98125 0.653515625 0.969921875 0.6453125 0.962109375 0.64609375
0 0.340625 0.587109375 0.34765625 0.588671875 0.3515625 0.585546875 0.349609375 0.5765625 0.34375 0.578515625 0.340625 0.587109375