0 0.7397435890625 0.356009615625 0.73076923125 0.364983975 0.734615384375 0.3790865390625 0.675641025 0.394471153125 0.6589743593749999 0.40600961562500004 0.6589743593749999 0.42395833281249995 0.6333333328124999 0.43677884687499996 0.6371794875 0.4457532046875 0.6871794875 0.44703525624999996 0.7025641031250001 0.4393429484375 0.7012820515625 0.42267628281249997 0.853846153125 0.35985576875 0.796153846875 0.3739583328125 0.778205128125 0.3534455125 0.7397435890625 0.356009615625
0 0.508974359375 0.5278044875 0.5269230765625 0.5483173078125 0.552564103125 0.5303685890625001 0.5948717953125 0.53421474375 0.5307692312500001 0.4829326921875 0.5307692312500001 0.462419871875 0.5641025640625 0.4034455125 0.558974359375 0.37524038437499996 0.5423076921875001 0.36370192343749996 0.4987179484375 0.37139423125 0.4628205125 0.386778846875 0.452564103125 0.4021634609375 0.3884615390625 0.41241987187499995 0.334615384375 0.3919070515625 0.26025641093749996 0.3278044875 0.253846153125 0.33421474375 0.297435896875 0.3701121796875 0.2987179484375 0.381650640625 0.25 0.37139423125 0.18846153906250002 0.3303685890625 0.1397435890625 0.3226762828125 0.1423076921875 0.3303685890625 0.19358974375 0.340625 0.296153846875 0.40729166718750004 0.3012820515625 0.42267628281249997 0.3320512828125 0.4278044875 0.3487179484375 0.444471153125 0.275641025 0.46626602500000003 0.2512820515625 0.462419871875 0.3 0.42395833281249995 0.29358974375 0.42267628281249997 0.19358974375 0.468830128125 0.108974359375 0.481650640625 0.0820512828125 0.516266025 0.09487179531249999 0.562419871875 0.1166666671875 0.5790865390625 0.18846153906250002 0.5919070515625 0.20384615312499998 0.6047275640625001 0.25512820468749997 0.59703525625 0.275641025 0.612419871875 0.30641025625 0.5919070515625 0.3820512828125 0.6137019234375 0.4371794875 0.5765224359375 0.44358974375000004 0.5701121796875 0.43333333281249997 0.55985576875 0.4628205125 0.5354967953124999 0.4987179484375 0.5457532046875 0.508974359375 0.5278044875
0 0.3871794875 0.39575320468749997 0.40512820468750005 0.3726762828125 0.40384615312500005 0.3534455125 0.3858974359375 0.3739583328125 0.3641025640625 0.364983975 0.3641025640625 0.388060896875 0.3871794875 0.39575320468749997
0 0.44230769218750005 0.2919070515625 0.43589743593749997 0.306009615625 0.4512820515625 0.31113782031250004 0.458974359375 0.3008814109375 0.44230769218750005 0.2919070515625
0 0.6705128203124999 0.33806089687499996 0.641025640625 0.344471153125 0.6615384609375 0.3547275640625 0.674358975 0.34703525625 0.6705128203124999 0.33806089687499996
0 0.6576923078125 0.3739583328125 0.6384615390625 0.3829326921875 0.6794871796875 0.390625 0.6923076921875 0.38036858906250004 0.6576923078125 0.3739583328125
0 0.8794871796875 0.35985576875 0.8884615390624999 0.34831730781250003 0.8666666671875 0.3547275640625 0.8794871796875 0.35985576875
0 0.9525641031250001 0.3278044875 0.9410256406249999 0.33421474375 0.9461538468749999 0.3393429484375 0.9769230765625 0.32652243593749997 0.9525641031250001 0.3278044875
0 0.647435896875 0.538060896875 0.6205128203125 0.536778846875 0.641025640625 0.5495993593749999 0.6294871796875 0.5560096156250001 0.6794871796875 0.5547275640625 0.647435896875 0.538060896875
0 0.6602564109375 0.45600961562500003 0.6192307687499999 0.4508814109375 0.6141025640625 0.4329326921875 0.546153846875 0.43677884687499996 0.6666666671875 0.4675480765625 0.6602564109375 0.45600961562500003
0 0.5538461531250001 0.3983173078125 0.5551282046875 0.40985576874999996 0.641025640625 0.4085737171875 0.6615384609375 0.40088141093749996 0.5538461531250001 0.3983173078125
0 0.225641025 0.293189103125 0.141025640625 0.2290865390625 0.19871794843749999 0.281650640625 0.225641025 0.293189103125
0 0.33076923125 0.664983975 0.3012820515625 0.643189103125 0.20512820468749998 0.6085737171875001 0.33076923125 0.664983975
0 0.07435897500000001 0.2111378203125 0.075641025 0.20216346093749998 0.0641025640625 0.2034455125 0.07435897500000001 0.2111378203125
0 0.45384615312500004 0.3778044875 0.446153846875 0.38549679531250003 0.458974359375 0.388060896875 0.458974359375 0.3778044875 0.47820512812500005 0.3765224359375 0.47948717968750004 0.3675480765625 0.4397435890625 0.3611378203125 0.4384615390625 0.3726762828125 0.45384615312500004 0.3778044875
0 0.6820512828124999 0.45985576874999995 0.691025640625 0.47139423125 0.7205128203125 0.4701121796875 0.70641025625 0.45600961562500003 0.6820512828124999 0.45985576874999995