0 0.384375 0.430859375 0.39296875 0.423046875 0.4203125 0.365234375 0.43046875 0.333984375 0.434375 0.302734375 0.402734375 0.28203125 0.383984375 0.27578125 0.339453125 0.275 0.325390625 0.27734375 0.316796875 0.28828125 0.299609375 0.2984375 0.291015625 0.296875 0.271484375 0.28203125 0.257421875 0.27890625 0.248828125 0.28203125 0.235546875 0.29296875 0.221484375 0.29453125 0.213671875 0.3 0.192578125 0.3 0.166015625 0.3109375 0.16171875 0.316796875 0.16328125 0.325390625 0.2046875 0.405078125 0.2109375 0.426953125 0.2390625 0.476953125 0.243359375 0.48203125 0.24921875 0.481640625 0.251171875 0.48984375 0.275390625 0.5046875 0.290234375 0.5109375 0.304296875 0.51171875 0.317578125 0.51953125 0.334375 0.523828125 0.3625 0.481640625 0.371875 0.461328125 0.3859375 0.444921875 0.384375 0.430859375
0 0.530078125 0.73046875 0.539453125 0.72890625 0.550390625 0.73203125 0.584765625 0.70859375 0.653515625 0.715625 0.675390625 0.71015625 0.688671875 0.703125 0.713671875 0.68046875 0.737109375 0.67265625 0.74765625 0.663671875 0.76015625 0.634765625 0.76015625 0.623046875 0.749609375 0.61796875 0.722265625 0.61640625 0.70703125 0.607421875 0.703125 0.597265625 0.703125 0.583203125 0.6875 0.566796875 0.68515625 0.557421875 0.686328125 0.53046875 0.67421875 0.534765625 0.659765625 0.5609375 0.627734375 0.57109375 0.61953125 0.581640625 0.6171875 0.592578125 0.612109375 0.59453125 0.601171875 0.6078125 0.587890625 0.609375 0.58125 0.623046875 0.568359375 0.6359375 0.561328125 0.63828125 0.515234375 0.6203125 0.433203125 0.6 0.392578125 0.56875 0.372265625 0.54921875 0.338671875 0.53125 0.334375 0.525390625 0.3375 0.517578125 0.33515625 0.512890625 0.3421875 0.510546875 0.346875 0.501953125 0.34609375 0.497265625 0.36640625 0.473828125 0.36640625 0.464453125 0.38515625 0.442578125 0.3921875 0.421484375 0.4203125 0.366015625 0.42265625 0.351953125 0.42890625 0.338671875 0.43515625 0.304296875 0.430859375 0.2984375 0.419140625 0.29375 0.403515625 0.28125 0.380859375 0.27578125 0.330078125 0.27578125 0.323828125 0.27890625 0.317578125 0.2875 0.296484375 0.2953125 0.271484375 0.28203125 0.255859375 0.2796875 0.235546875 0.2921875 0.208203125 0.29921875 0.193359375 0.29921875 0.166015625 0.31015625 0.16171875 0.316796875 0.1640625 0.330859375 0.20859375 0.418359375 0.215625 0.478515625 0.28046875 0.637109375 0.351953125 0.6796875 0.390234375 0.715625 0.438671875 0.74765625 0.463671875 0.7765625 0.476953125 0.78046875 0.49453125 0.780078125 0.5 0.776171875 0.49765625 0.761328125 0.512109375 0.74375 0.530078125 0.73046875
0 0.164453125 0.47890625 0.144140625 0.4765625 0.131640625 0.471875 0.119140625 0.47265625 0.1125 0.477734375 0.11328125 0.488671875 0.123046875 0.49765625 0.1625 0.509765625 0.169921875 0.50703125 0.175 0.498046875 0.1734375 0.488671875 0.164453125 0.47890625
0 0.120703125 0.56328125 0.112890625 0.5640625 0.1046875 0.575390625 0.10859375 0.599609375 0.118359375 0.61015625 0.13359375 0.612890625 0.14375 0.607421875 0.140625 0.580078125 0.130859375 0.5671875 0.120703125 0.56328125
0 0.084375 0.231640625 0.076953125 0.21875 0.0703125 0.219921875 0.06796875 0.237890625 0.05703125 0.245703125 0.04921875 0.258984375 0.0484375 0.271484375 0.05546875 0.275390625 0.0546875 0.285546875 0.059375 0.287890625 0.0671875 0.280078125 0.06875 0.269921875 0.08046875 0.259765625 0.084375 0.231640625
0 0.33671875 0.259765625 0.33515625 0.250390625 0.318359375 0.2328125 0.304296875 0.23671875 0.2875 0.254296875 0.290234375 0.2640625 0.3109375 0.264453125 0.321484375 0.2578125 0.330078125 0.26328125 0.334765625 0.26328125 0.33671875 0.259765625
0 0.216015625 0.2640625 0.200390625 0.26328125 0.184375 0.268359375 0.184375 0.276171875 0.188671875 0.28046875 0.205859375 0.278125 0.2125 0.280859375 0.216015625 0.275 0.223046875 0.27421875 0.22421875 0.271484375 0.216015625 0.2640625
0 0.669921875 0.5390625 0.68828125 0.532421875 0.6890625 0.527734375 0.6828125 0.521484375 0.690234375 0.5171875 0.69921875 0.516796875 0.7015625 0.501171875 0.697265625 0.49609375 0.682421875 0.49375 0.63828125 0.498046875 0.62265625 0.569921875 0.62421875 0.576171875 0.631640625 0.57109375 0.655078125 0.56484375 0.66328125 0.556640625 0.669921875 0.5390625
0 0.99536015625 0.73509765625 0.990153125 0.705921875 0.96723984375 0.7215515625 0.95370078125 0.74239140625 0.9287046875 0.75697890625 0.8985015625000001 0.7601046874999999 0.88287890625 0.74760078125 0.8682984375 0.713215625 0.78497890625 0.77781875 0.9589078125 0.78125 0.97244765625 0.75176875 0.99536015625 0.73509765625
0 0.58292890625 0.7601046874999999 0.55689140625 0.7434335937500001 0.54453125 0.75416640625 0.560015625 0.7673984375 0.560015625 0.7767765625 0.5777210937499999 0.78125 0.58292890625 0.7601046874999999
0 0.74019453125 0.75697890625 0.6922859375 0.6975859375 0.6381281249999999 0.71946796875 0.74019453125 0.75697890625