0 0.0765625 0.46171875 0.06796875 0.4546875 0.0625 0.45546875 0.0609375 0.46640625 0.0734375 0.50703125 0.0625 0.49921875 0.021875 0.38828125 0.02421875 0.38125 0.06796875 0.4015625 0.0984375 0.42578125 0.09375 0.43984375 0.11484375 0.5015625 0.121875 0.50078125 0.121875 0.47734375 0.1125 0.46484375 0.10859375 0.434375 0.2109375 0.51328125 0.2078125 0.53203125 0.21875 0.58203125 0.24296875 0.628125 0.2484375 0.62734375 0.2484375 0.61953125 0.2265625 0.56796875 0.21953125 0.5171875 0.29140625 0.55625 0.33671875 0.559375 0.38046875 0.575 0.43671875 0.584375 0.50234375 0.55625 0.54765625 0.5453125 0.55078125 0.5359375 0.59375 0.50078125 0.59375 0.47734375 0.5640625 0.46328125 0.5578125 0.42421875 0.55 0.41953125 0.54375 0.40078125 0.51953125 0.38125 0.48203125 0.3625 0.39453125 0.3359375 0.35390625 0.2984375 0.30234375 0.2703125 0.24296875 0.2515625 0.14453125 0.246875 0.07890625 0.2203125 0.00078125 0.21875 0 0.37734375 0.0171875 0.38046875 0.015625 0.39609375 0.0296875 0.44921875 0.02421875 0.4546875 0.015625 0.44609375 0.0234375 0.48203125 0.0359375 0.51015625 0.04296875 0.5125 0.0375 0.48828125 0.03125 0.48359375 0.03203125 0.4546875 0.0625 0.52265625 0.06796875 0.5265625 0.07421875 0.5140625 0.0796875 0.51796875 0.10625 0.57109375 0.1453125 0.62890625 0.16796875 0.65625 0.1859375 0.66484375 0.1859375 0.65703125 0.1234375 0.57578125 0.08125 0.48828125 0.0765625 0.46171875
0 0.1703125 0.59765625 0.1828125 0.60234375 0.165625 0.56015625 0.15390625 0.5515625 0.153125 0.56171875 0.1703125 0.59765625
0 0.203125 0.66328125 0.2171875 0.66640625 0.2203125 0.65859375 0.19453125 0.6390625 0.1921875 0.64609375 0.203125 0.66328125
0 0.23828125 0.6515625 0.22734375 0.65 0.221875 0.65859375 0.225 0.68046875 0.23828125 0.6921875 0.2671875 0.69609375 0.2703125 0.68984375 0.2578125 0.67734375 0.25625 0.66640625 0.23828125 0.6515625
0 0.6 0.77890625 0.61640625 0.775 0.640625 0.73359375 0.64375 0.71640625 0.63984375 0.7109375 0.634375 0.72421875 0.62421875 0.728125 0.61953125 0.7046875 0.59921875 0.7421875 0.59375 0.74140625 0.59296875 0.7140625 0.56953125 0.7375 0.56484375 0.7265625 0.5484375 0.72578125 0.5640625 0.70234375 0.5625 0.67890625 0.55703125 0.6734375 0.54375 0.68046875 0.51796875 0.71875 0.50703125 0.728125 0.49140625 0.7296875 0.4921875 0.73828125 0.48359375 0.746875 0.43125 0.73671875 0.44921875 0.734375 0.4609375 0.71953125 0.45234375 0.671875 0.44140625 0.6734375 0.434375 0.68203125 0.4390625 0.71796875 0.42890625 0.7328125 0.41171875 0.7046875 0.3859375 0.70078125 0.3859375 0.71015625 0.3953125 0.71640625 0.39609375 0.7375 0.35390625 0.734375 0.33203125 0.7203125 0.28046875 0.7296875 0.18359375 0.71875 0.16640625 0.7078125 0.16015625 0.715625 0.14921875 0.715625 0.10703125 0.703125 0.090625 0.70546875 0.09609375 0.715625 0.13515625 0.74375 0.22109375 0.78125 0.5765625 0.78046875 0.59140625 0.7765625 0.60546875 0.759375 0.609375 0.76484375 0.6 0.77890625
0 0.3453125 0.72109375 0.36015625 0.734375 0.390625 0.73671875 0.3921875 0.71796875 0.38671875 0.709375 0.36953125 0.7078125 0.3453125 0.72109375
0 0.6515625 0.73046875 0.6328125 0.77421875 0.6375 0.78046875 0.6609375 0.72421875 0.68203125 0.5453125 0.671875 0.57890625 0.6515625 0.73046875
0 0.684375 0.61484375 0.690625 0.61796875 0.70078125 0.5390625 0.69375 0.54921875 0.684375 0.59921875 0.684375 0.61484375
0 0.5640625 0.42890625 0.5640625 0.44765625 0.5703125 0.44765625 0.58671875 0.3453125 0.58046875 0.3453125 0.575 0.35546875 0.5640625 0.42890625
0 0.553125 0.43203125 0.559375 0.43515625 0.57109375 0.3359375 0.559375 0.34296875 0.5546875 0.37265625 0.553125 0.43203125
0 0.74375 0.24765625 0.75703125 0.2578125 0.76875 0.25703125 0.7859375 0.24765625 0.7921875 0.21953125 0.73203125 0.21875 0.74375 0.24765625
0 0.7203125 0.24609375 0.7203125 0.21953125 0.64296875 0.21875 0.63671875 0.2265625 0.62890625 0.21875 0.4796875 0.21953125 0.484375 0.25859375 0.50546875 0.2796875 0.52421875 0.2828125 0.53984375 0.278125 0.55078125 0.25 0.57265625 0.271875 0.6046875 0.29140625 0.63984375 0.25625 0.68046875 0.2796875 0.70078125 0.271875 0.7203125 0.24609375
0 0.20546875 0.715625 0.2421875 0.71953125 0.25625 0.71484375 0.24765625 0.7015625 0.2 0.70390625 0.20546875 0.715625
0 0.18125 0.71953125 0.16796875 0.7046875 0.128125 0.68671875 0.16640625 0.71875 0.18125 0.71953125
0 0.090625 0.65234375 0.08828125 0.6453125 0.0796875 0.64609375 0.08359375 0.653125 0.090625 0.65234375
0 0.0265625 0.61640625 0.0375 0.62265625 0.0515625 0.61484375 0.04765625 0.596875 0.0265625 0.59921875 0.0265625 0.61640625
0 0.0515625 0.56640625 0.053125 0.55859375 0.04609375 0.55625 0.0453125 0.56484375 0.0515625 0.56640625
0 0.5515625 0.62890625 0.55703125 0.6390625 0.5625 0.63828125 0.565625 0.61484375 0.55703125 0.609375 0.5515625 0.61328125 0.5515625 0.62890625
0 0.53046875 0.6625 0.521875 0.66796875 0.528125 0.67421875 0.53046875 0.6625