0 0.56640625 0.68125 0.5953125 0.65390625 0.6203125 0.61328125 0.621875 0.58515625 0.59296875 0.5625 0.55234375 0.5453125 0.50703125 0.515625 0.48671875 0.5109375 0.4703125 0.47578125 0.42578125 0.4453125 0.38046875 0.4265625 0.31484375 0.421875 0.26640625 0.4078125 0.11328125 0.325 0.03515625 0.2734375 0.00078125 0.24375 0 0.45390625 0.07265625 0.48125 0.15546875 0.528125 0.20390625 0.54375 0.28984375 0.6296875 0.3265625 0.65859375 0.3125 0.66015625 0.3140625 0.68515625 0.30703125 0.6890625 0.28203125 0.6875 0.28046875 0.678125 0.20546875 0.6859375 0.0578125 0.66640625 0.11015625 0.696875 0.21171875 0.728125 0.31953125 0.7453125 0.4109375 0.74609375 0.49609375 0.7375 0.521875 0.71171875 0.52578125 0.6984375 0.56640625 0.68125
0 0.1578125 0.63046875 0.14921875 0.6109375 0.134375 0.61171875 0.14453125 0.628125 0.1578125 0.63046875
0 0.1109375 0.56484375 0.11953125 0.5765625 0.1265625 0.57578125 0.1125 0.53671875 0.10234375 0.528125 0.0984375 0.53828125 0.1109375 0.56484375
0 0.1859375 0.64453125 0.17109375 0.6359375 0.165625 0.64296875 0.17890625 0.653125 0.203125 0.65546875 0.19375 0.63203125 0.16953125 0.6171875 0.1703125 0.62890625 0.1859375 0.64453125
0 0.17734375 0.596875 0.1875 0.59609375 0.165625 0.53515625 0.15390625 0.528125 0.165625 0.57734375 0.17734375 0.596875
0 0.02265625 0.465625 0.01953125 0.478125 0.00078125 0.4578125 0.0015625 0.47265625 0.015625 0.50078125 0.0265625 0.50546875 0.02421875 0.48125 0.071875 0.57109375 0.115625 0.62421875 0.13125 0.63046875 0.13125 0.62109375 0.0625 0.53046875 0.0359375 0.47265625 0.02265625 0.465625
0 0.30390625 0.6671875 0.29140625 0.6671875 0.2734375 0.67890625 0.27890625 0.690625 0.3140625 0.69296875 0.31875 0.68046875 0.309375 0.66640625 0.31171875 0.6578125 0.30390625 0.6671875
0 0.1265625 0.67890625 0.11484375 0.665625 0.078125 0.64921875 0.11328125 0.678125 0.1265625 0.67890625
0 0.19296875 0.665625 0.14609375 0.6609375 0.14375 0.67109375 0.1328125 0.67421875 0.2015625 0.68359375 0.2140625 0.68046875 0.2015625 0.66953125 0.20078125 0.6609375 0.19296875 0.665625
0 0.1078125 0.62890625 0.10234375 0.6171875 0.084375 0.60859375 0.10078125 0.628125 0.1078125 0.62890625
0 0.4828125 0.34765625 0.4734375 0.34609375 0.46640625 0.3890625 0.4640625 0.34140625 0.48203125 0.325 0.53203125 0.346875 0.55703125 0.3296875 0.59609375 0.3390625 0.61171875 0.33125 0.63671875 0.3 0.63984375 0.303125 0.66015625 0.2890625 0.69140625 0.2890625 0.67109375 0.21875 0.36875 0.21953125 0.409375 0.26640625 0.4125 0.29609375 0.4234375 0.32109375 0.45625 0.34296875 0.45 0.43828125 0.45 0.45546875 0.45625 0.46328125 0.459375 0.43359375 0.46796875 0.434375 0.471875 0.42578125 0.4828125 0.34765625
0 0.5765625 0.54921875 0.58046875 0.5078125 0.5734375 0.52578125 0.571875 0.54921875 0.5765625 0.54921875