0 0.320703125 0.67578125 0.348828125 0.68203125 0.376953125 0.66953125 0.38828125 0.661328125 0.38671875 0.634765625 0.392578125 0.62578125 0.467578125 0.61171875 0.483984375 0.60390625 0.502734375 0.58203125 0.517578125 0.57421875 0.526953125 0.57734375 0.535546875 0.58515625 0.541796875 0.59765625 0.562890625 0.59921875 0.573046875 0.62890625 0.584375 0.628515625 0.58125 0.623828125 0.58125 0.612109375 0.556640625 0.58046875 0.537890625 0.5796875 0.526953125 0.5734375 0.464453125 0.5203125 0.448828125 0.51640625 0.394140625 0.51484375 0.303515625 0.4890625 0.266015625 0.490625 0.228515625 0.4859375 0.233984375 0.49140625 0.267578125 0.50234375 0.28125 0.536328125 0.286328125 0.5421875 0.309765625 0.553125 0.331640625 0.57265625 0.359765625 0.57734375 0.379296875 0.590625 0.38515625 0.598828125 0.38359375 0.609765625 0.375390625 0.6171875 0.336328125 0.62890625 0.309765625 0.64453125 0.28125 0.666796875 0.27734375 0.674609375 0.2859375 0.695703125 0.2859375 0.705078125 0.291015625 0.71015625 0.303125 0.712890625 0.3109375 0.705078125 0.303515625 0.696875 0.28828125 0.692578125 0.28671875 0.683984375 0.289453125 0.6765625 0.320703125 0.67578125
0 0.59296875 0.661328125 0.59921875 0.654296875 0.6 0.648828125 0.59609375 0.637109375 0.588671875 0.63359375 0.5859375 0.641796875 0.59296875 0.661328125
0 0.59296875 0.679296875 0.5984375 0.670703125 0.592578125 0.6625 0.5859375 0.669921875 0.58671875 0.697265625 0.578125 0.704296875 0.57734375 0.728515625 0.5734375 0.730859375 0.57265625 0.737109375 0.56640625 0.741015625 0.56484375 0.752734375 0.55234375 0.768359375 0.553515625 0.77109375 0.5578125 0.770703125 0.57109375 0.760546875 0.5703125 0.751953125 0.58671875 0.725390625 0.58515625 0.712890625 0.59453125 0.689453125 0.59296875 0.679296875
0 0.196875 0.706640625 0.2015625 0.708203125 0.208984375 0.70625 0.21328125 0.701171875 0.208203125 0.69453125 0.199609375 0.696875 0.1953125 0.701953125 0.196875 0.706640625
0 0.2296875 0.697265625 0.2578125 0.689453125 0.256640625 0.68671875 0.241796875 0.6828125 0.233984375 0.69140625 0.2265625 0.694140625 0.2296875 0.697265625
0 0.37109375 0.689453125 0.357421875 0.68125 0.350390625 0.684375 0.320703125 0.68125 0.314453125 0.6875 0.310546875 0.68359375 0.305859375 0.684375 0.30390625 0.691796875 0.3140625 0.705859375 0.31015625 0.715234375 0.318359375 0.71953125 0.322265625 0.715625 0.32421875 0.718359375 0.31875 0.720703125 0.3234375 0.721484375 0.329296875 0.71796875 0.356640625 0.71875 0.363671875 0.71484375 0.3671875 0.701953125 0.37265625 0.695703125 0.37109375 0.689453125
0 0.44765625 0.642578125 0.447265625 0.63671875 0.44453125 0.640234375 0.44765625 0.642578125
0 0.41640625 0.691796875 0.416015625 0.68828125 0.409375 0.689453125 0.41640625 0.691796875
0 0.3890625 0.684765625 0.384765625 0.68125 0.380859375 0.6828125 0.37890625 0.689453125 0.38671875 0.690234375 0.3890625 0.684765625
0 0.43515625 0.649609375 0.43828125 0.647265625 0.436328125 0.64375 0.429296875 0.64296875 0.425 0.645703125 0.427734375 0.65 0.43515625 0.649609375
0 0.4234375 0.663671875 0.4265625 0.655078125 0.419140625 0.65 0.415625 0.654296875 0.4203125 0.658984375 0.41640625 0.662109375 0.4234375 0.663671875
0 0.4015625 0.705078125 0.4078125 0.690234375 0.405859375 0.68828125 0.4 0.691015625 0.396875 0.701171875 0.398828125 0.70546875 0.4015625 0.705078125
0 0.428515625 0.66953125 0.413671875 0.66953125 0.4125 0.680078125 0.4171875 0.683203125 0.41875 0.676171875 0.423828125 0.67109375 0.435546875 0.671875 0.43828125 0.666015625 0.434765625 0.66484375 0.428515625 0.66953125
0 0.403125 0.413671875 0.396484375 0.40703125 0.376953125 0.40703125 0.361328125 0.41484375 0.346875 0.430859375 0.3375 0.450390625 0.345703125 0.45703125 0.361328125 0.459375 0.371484375 0.44921875 0.380078125 0.44765625 0.398828125 0.45625 0.416796875 0.47421875 0.42578125 0.477734375 0.404296875 0.45390625 0.38359375 0.442578125 0.384765625 0.43828125 0.397265625 0.43203125 0.40546875 0.423046875 0.403125 0.413671875
0 0.48046875 0.403515625 0.486328125 0.3984375 0.515234375 0.3984375 0.535546875 0.38828125 0.54453125 0.374609375 0.537890625 0.36328125 0.527734375 0.36484375 0.501171875 0.37890625 0.480859375 0.38515625 0.471875 0.391796875 0.47421875 0.395703125 0.4734375 0.411328125 0.48203125 0.422265625 0.48671875 0.434765625 0.48671875 0.450390625 0.51015625 0.455859375 0.51640625 0.449609375 0.515625 0.440234375 0.508203125 0.4328125 0.48828125 0.424609375 0.48828125 0.408984375 0.48046875 0.403515625
0 0.359765625 0.39609375 0.384765625 0.39609375 0.407421875 0.39140625 0.423046875 0.39453125 0.426953125 0.3921875 0.451953125 0.39296875 0.45703125 0.390234375 0.451171875 0.38359375 0.434765625 0.3796875 0.413671875 0.384375 0.384765625 0.38125 0.339453125 0.39453125 0.324609375 0.3796875 0.307421875 0.3765625 0.2984375 0.385546875 0.28984375 0.403515625 0.307421875 0.41875 0.315234375 0.41796875 0.321484375 0.4234375 0.32578125 0.423046875 0.3234375 0.416015625 0.31484375 0.408203125 0.320703125 0.40234375 0.341796875 0.40546875 0.344921875 0.4 0.359765625 0.39609375
0 0.77421875 0.435546875 0.7703125 0.442578125 0.7703125 0.451953125 0.781640625 0.46328125 0.79296875 0.466015625 0.801171875 0.4640625 0.80859375 0.457421875 0.8109375 0.446484375 0.800390625 0.43203125 0.787109375 0.4296875 0.77421875 0.435546875
0 0.65078125 0.301171875 0.65078125 0.276953125 0.64609375 0.266015625 0.653125 0.262109375 0.64921875 0.254296875 0.653125 0.246484375 0.634375 0.238671875 0.635546875 0.234375 0.643359375 0.234375 0.651171875 0.225 0.656640625 0.225 0.655859375 0.2203125 0.398828125 0.21875 0.3953125 0.223046875 0.416796875 0.234375 0.434765625 0.2515625 0.45703125 0.262890625 0.4546875 0.290234375 0.463671875 0.2984375 0.468359375 0.29921875 0.47421875 0.293359375 0.4765625 0.283203125 0.482421875 0.28203125 0.494140625 0.29375 0.511328125 0.303125 0.521484375 0.31953125 0.539453125 0.31796875 0.568359375 0.33125 0.575 0.331640625 0.611328125 0.3203125 0.620703125 0.321875 0.66640625 0.312890625 0.657421875 0.31015625 0.65625 0.303515625 0.65078125 0.301171875
0 0.366015625 0.2359375 0.36796875 0.230078125 0.365234375 0.2265625 0.322265625 0.2328125 0.283984375 0.23203125 0.274609375 0.234375 0.26796875 0.230859375 0.2703125 0.224609375 0.266015625 0.21875 0.2421875 0.219140625 0.2546875 0.242578125 0.253125 0.250390625 0.258984375 0.259375 0.266796875 0.2625 0.279296875 0.26171875 0.316796875 0.2515625 0.331640625 0.2515625 0.34453125 0.264453125 0.34609375 0.277734375 0.3515625 0.286328125 0.358203125 0.290625 0.3640625 0.290234375 0.37109375 0.281640625 0.36875 0.269140625 0.359375 0.250390625 0.34296875 0.238671875 0.355078125 0.23359375 0.366015625 0.2359375
0 0.42265625 0.341015625 0.42421875 0.326953125 0.41875 0.321484375 0.41796875 0.293359375 0.42109375 0.292578125 0.423828125 0.30390625 0.426953125 0.29609375 0.447265625 0.29453125 0.45078125 0.291796875 0.448046875 0.28671875 0.444140625 0.2921875 0.4390625 0.289453125 0.443359375 0.28515625 0.448046875 0.28515625 0.45 0.279296875 0.4390625 0.275390625 0.4328125 0.258203125 0.414453125 0.2375 0.400390625 0.2328125 0.383203125 0.221875 0.373046875 0.22109375 0.36953125 0.239453125 0.36484375 0.238671875 0.36171875 0.249609375 0.371875 0.273046875 0.371875 0.283203125 0.365234375 0.29140625 0.346875 0.296484375 0.34140625 0.308984375 0.3421875 0.314453125 0.34609375 0.324609375 0.357421875 0.33515625 0.369921875 0.334375 0.371484375 0.328125 0.3765625 0.329296875 0.3734375 0.332421875 0.376953125 0.33515625 0.38046875 0.333203125 0.378515625 0.328125 0.38515625 0.328515625 0.38125 0.332421875 0.384765625 0.33515625 0.390625 0.333984375 0.390234375 0.328125 0.403515625 0.328125 0.40546875 0.334765625 0.409375 0.337109375 0.401171875 0.33828125 0.396484375 0.33359375 0.392578125 0.33984375 0.384765625 0.33828125 0.3828125 0.353515625 0.396484375 0.3609375 0.404296875 0.3421875 0.40546875 0.348828125 0.4140625 0.352734375 0.41484375 0.361328125 0.4078125 0.363671875 0.4125 0.369140625 0.415234375 0.36484375 0.421875 0.365234375 0.42421875 0.361328125 0.42265625 0.352734375 0.42890625 0.344921875 0.42265625 0.341015625
0 0.448828125 0.34921875 0.474609375 0.3609375 0.484375 0.362109375 0.4921875 0.356640625 0.486328125 0.34765625 0.449609375 0.34140625 0.440234375 0.334375 0.43671875 0.337109375 0.448828125 0.34921875
0 0.21953125 0.648828125 0.21484375 0.642578125 0.222265625 0.63984375 0.223828125 0.634375 0.228125 0.634765625 0.22421875 0.637109375 0.226953125 0.640625 0.230078125 0.63515625 0.243359375 0.634375 0.250390625 0.6171875 0.25703125 0.619140625 0.258984375 0.6265625 0.26171875 0.606640625 0.26796875 0.603515625 0.26171875 0.592578125 0.2625 0.587890625 0.268359375 0.5921875 0.271875 0.587109375 0.266796875 0.5859375 0.266796875 0.5828125 0.274609375 0.58515625 0.279296875 0.58125 0.2875 0.583984375 0.282421875 0.578125 0.2734375 0.576953125 0.27578125 0.566015625 0.264453125 0.5609375 0.2671875 0.555859375 0.261328125 0.5546875 0.25703125 0.549609375 0.262890625 0.5390625 0.266796875 0.54765625 0.271484375 0.5484375 0.2765625 0.541796875 0.27578125 0.530078125 0.26796875 0.509765625 0.251171875 0.50078125 0.231640625 0.49765625 0.2328125 0.494140625 0.223828125 0.48671875 0.204296875 0.48203125 0.196875 0.476171875 0.198828125 0.4671875 0.208984375 0.4671875 0.2125 0.462109375 0.2078125 0.454296875 0.21015625 0.446484375 0.20546875 0.438671875 0.210546875 0.4359375 0.223828125 0.43671875 0.225 0.433203125 0.21953125 0.430078125 0.227734375 0.42734375 0.232421875 0.4296875 0.247265625 0.428125 0.242578125 0.421875 0.228515625 0.421875 0.219921875 0.415625 0.212109375 0.42109375 0.208203125 0.4171875 0.204296875 0.42265625 0.195703125 0.42421875 0.180859375 0.4328125 0.176953125 0.43203125 0.173046875 0.4359375 0.168359375 0.43203125 0.157421875 0.43671875 0.15546875 0.422265625 0.1625 0.419140625 0.161328125 0.41484375 0.152734375 0.41875 0.142578125 0.43125 0.137890625 0.4234375 0.124609375 0.421875 0.12109375 0.426953125 0.125 0.430859375 0.121875 0.434765625 0.13203125 0.438671875 0.1171875 0.452734375 0.1171875 0.458203125 0.12421875 0.462109375 0.125 0.470703125 0.121875 0.474609375 0.128515625 0.47421875 0.13125 0.477734375 0.121484375 0.49140625 0.11953125 0.484765625 0.11640625 0.485546875 0.11640625 0.501171875 0.109375 0.507421875 0.1078125 0.512890625 0.1140625 0.517578125 0.1109375 0.518359375 0.11015625 0.526171875 0.10546875 0.529296875 0.116015625 0.53125 0.118359375 0.528125 0.12265625 0.532421875 0.11875 0.537109375 0.129296875 0.53828125 0.13046875 0.542578125 0.1203125 0.544140625 0.125 0.548046875 0.1203125 0.552734375 0.12265625 0.556640625 0.11640625 0.562890625 0.1140625 0.579296875 0.109375 0.580078125 0.11328125 0.581640625 0.115625 0.591796875 0.1078125 0.596484375 0.115625 0.603515625 0.115625 0.612890625 0.13046875 0.619140625 0.1234375 0.626171875 0.1234375 0.634765625 0.118359375 0.64375 0.11328125 0.641796875 0.1203125 0.634765625 0.113671875 0.63359375 0.112109375 0.64140625 0.105078125 0.63984375 0.10234375 0.644140625 0.11640625 0.654296875 0.1078125 0.658203125 0.109765625 0.6640625 0.118359375 0.6625 0.123828125 0.6671875 0.137109375 0.665625 0.15859375 0.671484375 0.170703125 0.66796875 0.183984375 0.6578125 0.188671875 0.6640625 0.200390625 0.65625 0.212109375 0.6546875 0.21953125 0.648828125
0 0.2171875 0.484765625 0.2203125 0.481640625 0.209765625 0.4671875 0.19921875 0.468359375 0.19609375 0.473828125 0.200390625 0.48046875 0.2171875 0.484765625
0 0.216015625 0.4578125 0.21875 0.454296875 0.204296875 0.44609375 0.2015625 0.454296875 0.20859375 0.458984375 0.216015625 0.4578125
0 0.2171875 0.482421875 0.216015625 0.46953125 0.210546875 0.47421875 0.19921875 0.474609375 0.19921875 0.477734375 0.205078125 0.48125 0.2171875 0.482421875
0 0.264453125 0.41796875 0.2546875 0.419140625 0.255859375 0.4234375 0.26484375 0.426953125 0.2578125 0.429296875 0.2390625 0.458203125 0.251953125 0.4578125 0.255078125 0.4625 0.25625 0.458203125 0.2640625 0.453515625 0.25625 0.439453125 0.25625 0.436328125 0.260546875 0.43515625 0.269921875 0.43671875 0.277734375 0.44453125 0.295703125 0.44609375 0.298828125 0.45 0.314453125 0.45546875 0.34609375 0.463671875 0.3515625 0.462109375 0.344140625 0.45390625 0.313671875 0.43984375 0.283203125 0.43203125 0.278515625 0.425 0.264453125 0.41796875
0 0.117578125 0.77890625 0.12578125 0.780078125 0.128125 0.773046875 0.126171875 0.76875 0.119140625 0.76484375 0.1109375 0.768359375 0.11015625 0.772265625 0.117578125 0.77890625