0 0.50390625 0.49375 0.51484375 0.4984375 0.515625 0.48515625 0.52421875 0.478125 0.53515625 0.478125 0.54765625 0.465625 0.57578125 0.4609375 0.6015625 0.43828125 0.6015625 0.42578125 0.5859375 0.40546875 0.571875 0.40859375 0.56953125 0.390625 0.53984375 0.3875 0.51015625 0.4046875 0.49765625 0.3828125 0.47734375 0.38125 0.42578125 0.41875 0.403125 0.40234375 0.4015625 0.39609375 0.43515625 0.3640625 0.50234375 0.375 0.52890625 0.3703125 0.5421875 0.35703125 0.54375 0.33359375 0.52109375 0.30625 0.46484375 0.2796875 0.39609375 0.2703125 0.36015625 0.253125 0.32890625 0.2265625 0.31015625 0.2203125 0 0.22109375 0.00078125 0.3296875 0.06640625 0.3609375 0.20234375 0.45625 0.28359375 0.4953125 0.31640625 0.496875 0.36171875 0.50625 0.36953125 0.5140625 0.4359375 0.52421875 0.46953125 0.5109375 0.47890625 0.5 0.49921875 0.5 0.50390625 0.49375
0 0.0390625 0.51015625 0.046875 0.51171875 0.01953125 0.4390625 0.015625 0.44921875 0.0265625 0.48203125 0.0390625 0.51015625
0 0.1625 0.57578125 0.1765625 0.60078125 0.1859375 0.60390625 0.1859375 0.58828125 0.1703125 0.55703125 0.15859375 0.55 0.1625 0.57578125
0 0.125 0.41953125 0.11640625 0.4078125 0.1015625 0.41328125 0.1 0.44296875 0.1140625 0.49453125 0.1234375 0.50078125 0.1125 0.42265625 0.11484375 0.4140625 0.11796875 0.425 0.125 0.41953125
0 0.0390625 0.41953125 0.0296875 0.38828125 0.01953125 0.3796875 0.01875 0.39609375 0.040625 0.46953125 0.0625 0.51640625 0.075 0.52421875 0.0453125 0.44609375 0.04375 0.43046875 0.05 0.42421875 0.0390625 0.41953125
0 0.2078125 0.48984375 0.21875 0.56484375 0.2375 0.61796875 0.24453125 0.628125 0.2546875 0.62734375 0.2359375 0.58046875 0.221875 0.49140625 0.21328125 0.478125 0.2078125 0.48984375
0 0.06640625 0.4515625 0.0640625 0.46328125 0.0765625 0.50390625 0.1109375 0.57265625 0.1703125 0.65390625 0.18359375 0.665625 0.19375 0.66640625 0.1265625 0.57265625 0.09375 0.50859375 0.0828125 0.46328125 0.06640625 0.4515625
0 0.2078125 0.66171875 0.21875 0.66640625 0.2203125 0.65703125 0.20078125 0.640625 0.1984375 0.64765625 0.2078125 0.66171875
0 0.25078125 0.675 0.2609375 0.67578125 0.2625 0.66953125 0.24296875 0.653125 0.2328125 0.65546875 0.25078125 0.675
0 0.2296875 0.67578125 0.24765625 0.69375 0.25546875 0.6875 0.2734375 0.69609375 0.26640625 0.6828125 0.25546875 0.6859375 0.23671875 0.671875 0.2296875 0.67578125
0 0.15703125 0.6625 0.165625 0.66484375 0.16875 0.66171875 0.15859375 0.65 0.1390625 0.64140625 0.15703125 0.6625
0 0.65 0.78046875 0.671875 0.73359375 0.690625 0.61171875 0.703125 0.61796875 0.71328125 0.540625 0.7046875 0.55234375 0.69765625 0.5875 0.6953125 0.57265625 0.7015625 0.56015625 0.69453125 0.5453125 0.6890625 0.54921875 0.6640625 0.71328125 0.66015625 0.715625 0.65234375 0.7046875 0.6484375 0.71796875 0.63984375 0.71875 0.63046875 0.7046875 0.61328125 0.740625 0.60078125 0.715625 0.58515625 0.7359375 0.5640625 0.72578125 0.565625 0.70859375 0.575 0.70234375 0.5734375 0.68046875 0.56640625 0.6734375 0.5546875 0.68046875 0.53125 0.71796875 0.50390625 0.73125 0.48984375 0.75 0.4546875 0.74296875 0.4703125 0.71796875 0.4703125 0.70859375 0.4625 0.70390625 0.465625 0.67890625 0.46015625 0.671875 0.4421875 0.68203125 0.446875 0.71796875 0.43671875 0.734375 0.41953125 0.70625 0.39453125 0.7015625 0.3921875 0.71015625 0.403125 0.71953125 0.4046875 0.73671875 0.38828125 0.7390625 0.36171875 0.7359375 0.33828125 0.721875 0.28359375 0.73125 0.18671875 0.71875 0.15859375 0.7015625 0.15 0.70234375 0.15546875 0.715625 0.10859375 0.703125 0.09375 0.70546875 0.10234375 0.7203125 0.14609375 0.75 0.21640625 0.78125 0.62421875 0.78125 0.63203125 0.775 0.65 0.78046875
0 0.22890625 0.7109375 0.21328125 0.7015625 0.20625 0.70546875 0.21796875 0.71875 0.25 0.72265625 0.265625 0.71796875 0.25234375 0.703125 0.23671875 0.703125 0.22890625 0.7109375
0 0.36953125 0.7125 0.3484375 0.72578125 0.36171875 0.7375 0.4 0.73984375 0.4046875 0.73671875 0.4046875 0.71796875 0.38984375 0.709375 0.36953125 0.7125
0 0.5703125 0.63203125 0.571875 0.61640625 0.56640625 0.6125 0.5625 0.62734375 0.5703125 0.63203125
0 0.5328125 0.55390625 0.5375 0.55390625 0.5453125 0.54609375 0.53828125 0.534375 0.5328125 0.53828125 0.5328125 0.55390625
0 0.5828125 0.41640625 0.59765625 0.3421875 0.5875 0.35390625 0.578125 0.41015625 0.5828125 0.41640625
0 0.56875 0.34453125 0.565625 0.40078125 0.5703125 0.41015625 0.575 0.35390625 0.584375 0.33828125 0.58046875 0.3328125 0.56875 0.34453125
0 0.68125 0.21953125 0.6453125 0.21953125 0.6640625 0.22734375 0.68125 0.21953125
0 0.48203125 0.2359375 0.4953125 0.23828125 0.51484375 0.2328125 0.521875 0.21953125 0.4640625 0.21953125 0.48203125 0.2359375
0 0.571875 0.24140625 0.578125 0.26328125 0.5828125 0.24296875 0.609375 0.21953125 0.54609375 0.21875 0.571875 0.24140625