0 0.3616666671875 0.3036458328125 0.3483333328125 0.3069791671875 0.3466666671875 0.2953125 0.3416666671875 0.29031250000000003 0.3283333328125 0.29031250000000003 0.3116666671875 0.27697916718750004 0.305 0.27697916718750004 0.2783333328125 0.2636458328125 0.2733333328125 0.2686458328125 0.27 0.27531249999999996 0.27 0.2919791671875 0.2783333328125 0.3003125 0.2816666671875 0.3003125 0.2883333328125 0.2936458328125 0.29500000000000004 0.3003125 0.2983333328125 0.3003125 0.3116666671875 0.29031250000000003 0.3183333328125 0.2936458328125 0.3333333328125 0.3086458328125 0.33999999999999997 0.3253125 0.34500000000000003 0.3303125 0.35 0.32864583281250004 0.3533333328125 0.3253125 0.3533333328125 0.31864583281250003 0.3633333328125 0.3053125 0.3616666671875 0.3036458328125
0 0.5283333328125 0.5503125 0.515 0.5436458328125 0.505 0.5436458328125 0.5016666671875 0.5403125 0.4883333328125 0.5403125 0.485 0.5369791671875 0.45499999999999996 0.5369791671875 0.4516666671875 0.5403125 0.43166666718749996 0.5403125 0.4183333328125 0.5503125 0.4033333328125 0.5519791671875 0.4033333328125 0.5619791671875001 0.41 0.5753125 0.4216666671875 0.5836458328125 0.43499999999999994 0.5836458328125 0.4483333328125 0.5736458328125 0.45499999999999996 0.5803125 0.5116666671875 0.5803125 0.515 0.5836458328125 0.5266666671875 0.5819791671875 0.5266666671875 0.5786458328124999 0.54 0.5653125 0.54 0.5619791671875001 0.5283333328125 0.5503125
0 0.495 0.5303125 0.49833333281250003 0.5303125 0.5083333328124999 0.5169791671875 0.515 0.5169791671875 0.52 0.5119791671875 0.52 0.5053124999999999 0.5116666671875 0.5036458328125 0.5083333328124999 0.5003124999999999 0.5016666671875 0.5003124999999999 0.49833333281250003 0.4969791671875 0.485 0.4969791671875 0.48166666718749995 0.5003124999999999 0.465 0.5003124999999999 0.46166666718749994 0.4969791671875 0.4516666671875 0.4969791671875 0.4483333328125 0.5003124999999999 0.43499999999999994 0.5036458328125 0.43333333281249997 0.5053124999999999 0.44166666718750003 0.5136458328125 0.44666666718750003 0.5153125000000001 0.45 0.5286458328125 0.45499999999999996 0.5336458328125 0.45999999999999996 0.5319791671874999 0.46666666718750005 0.5286458328125 0.4716666671875 0.5169791671875 0.48166666718749995 0.5169791671875 0.495 0.5303125
0 0.65 0.5853125 0.65 0.5553125 0.6533333328125 0.5519791671875 0.6533333328125 0.5453125 0.6599999999999999 0.5319791671874999 0.655 0.5269791671874999 0.6383333328125 0.5269791671874999 0.6333333328124999 0.5319791671874999 0.6333333328124999 0.5519791671875 0.63 0.5553125 0.63 0.5819791671875 0.6216666671875 0.5869791671875 0.6183333328125 0.5803125 0.6133333328125 0.5853125 0.61 0.6053124999999999 0.6066666671875 0.6086458328125001 0.6066666671875 0.6186458328125 0.6116666671875 0.6236458328125 0.6216666671875 0.6236458328125 0.635 0.6103125 0.6433333328125 0.6319791671874999 0.65 0.6319791671874999 0.65 0.5986458328125 0.6466666671875 0.5953125 0.6466666671875 0.5886458328125 0.65 0.5853125
0 0.25666666718750003 0.5153125000000001 0.255 0.5103125000000001 0.25 0.5119791671875 0.25166666718749997 0.5169791671875 0.25666666718750003 0.5153125000000001
0 0.2766666671875 0.2819791671875 0.27999999999999997 0.2786458328125 0.2783333328125 0.26697916718750003 0.27 0.2819791671875 0.2766666671875 0.2819791671875
0 0.2533333328125 0.40531249999999996 0.2666666671875 0.40531249999999996 0.2666666671875 0.3953125 0.2616666671875 0.3903125 0.255 0.3903125 0.2533333328125 0.40531249999999996
0 0.2683333328125 0.4803125 0.2633333328125 0.48531250000000004 0.2633333328125 0.4886458328125 0.2716666671875 0.4969791671875 0.2766666671875 0.4953125 0.27999999999999997 0.4919791671875 0.2766666671875 0.48531250000000004 0.2716666671875 0.4803125 0.2683333328125 0.4803125
0 0.1883333328125 0.29031250000000003 0.18 0.2953125 0.18 0.3086458328125 0.185 0.31364583281249997 0.2 0.31197916718749996 0.2033333328125 0.3086458328125 0.2033333328125 0.3019791671875 0.1983333328125 0.2936458328125 0.1883333328125 0.29031250000000003
0 0.6933333328125 0.4219791671875 0.6849999999999999 0.40697916718749994 0.6766666671875 0.40864583281250005 0.6783333328125 0.4236458328125 0.6933333328125 0.4219791671875
0 0.6816666671875 0.6236458328125 0.6799999999999999 0.6353125000000001 0.6849999999999999 0.6436458328125 0.6900000000000001 0.6419791671875 0.6966666671875 0.6353125000000001 0.6966666671875 0.6286458328125 0.6916666671875 0.6236458328125 0.6816666671875 0.6236458328125
0 0.67 0.5819791671875 0.67 0.5886458328125 0.6799999999999999 0.5886458328125 0.6766666671875 0.5753125 0.6716666671875 0.5736458328125 0.6666666671875 0.5786458328124999 0.67 0.5819791671875
0 0.6983333328125 0.6703125 0.6966666671875 0.6819791671875 0.7016666671875 0.6869791671875001 0.7033333328125 0.6853125 0.7066666671874999 0.6819791671875 0.7066666671874999 0.6753125 0.7016666671875 0.6703125 0.6983333328125 0.6703125
0 0.64 0.6753125 0.6433333328125 0.6819791671875 0.6483333328125 0.6869791671875001 0.6566666671875 0.6853125 0.6599999999999999 0.6819791671875 0.6566666671875 0.6719791671875 0.645 0.6669791671875 0.64 0.6753125
0 0.1983333328125 0.6069791671875 0.2133333328125 0.6053124999999999 0.2116666671875 0.5903125 0.205 0.5903125 0.1966666671875 0.5986458328125 0.1983333328125 0.6069791671875
0 0.1833333328125 0.6753125 0.19 0.6753125 0.1933333328125 0.6719791671875 0.1916666671875 0.6603125000000001 0.1833333328125 0.6653125 0.1833333328125 0.6753125
0 0.1716666671875 0.7103125 0.16999999999999998 0.7253125 0.175 0.7303124999999999 0.1766666671875 0.7286458328125 0.18 0.7253125 0.18 0.7153125 0.175 0.7103125 0.1716666671875 0.7103125
0 0.0933333328125 0.6919791671875 0.0983333328125 0.6969791671875 0.1066666671875 0.6953125 0.1066666671875 0.6853125 0.10166666718749999 0.6803125 0.0933333328125 0.6886458328125 0.0933333328125 0.6919791671875