0 0.8034351140625 0.6824308203125 0.833969465625 0.6900644078125 0.8950381671875001 0.6595300578125001 0.916030534375 0.619453721875 0.9427480921875 0.6041865453125 0.916030534375 0.5507514312499999 0.916030534375 0.5164002859375 0.8702290078124999 0.47441555312499994 0.8893129765625 0.459148378125 0.9122137406249999 0.3904460875 0.8778625953124999 0.30265982812500003 0.7996183203125 0.23204914062499998 0.677480915625 0.23586593437499997 0.6125954203124999 0.1786140265625 0.5209923671875 0.1900644078125 0.49809160312499995 0.15189646875 0.47137404531250005 0.1557132640625 0.4370229 0.13662929375 0.23854961874999997 0.1404460875 0.23282442812499998 0.1614384546875 0.25381679375 0.1786140265625 0.3511450375 0.21487356875 0.341603053125 0.2587666984375 0.40648855 0.27403387343749996 0.40839694687500006 0.287392653125 0.3854961828125 0.306476621875 0.39312977031249996 0.3217437984375 0.35687022968750004 0.3503697515625 0.33015267187499997 0.3198354 0.2919847328125 0.3236521953125 0.2862595421875 0.3370109734375 0.3053435109375 0.35609494218750004 0.2270992359375 0.41143845468749995 0.2118320609375 0.4457896 0.2118320609375 0.42670562968750003 0.162213740625 0.4419728046875 0.1374045796875 0.48968272968750004 0.158396946875 0.5030415078125 0.1927480921875 0.4992247140625 0.2996183203125 0.46105677500000003 0.3110687015625 0.4915911265625 0.341603053125 0.4915911265625 0.35877862656250004 0.46296517187499997 0.33206106874999997 0.44388120156250005 0.31679389375 0.4057132640625 0.353053434375 0.384720896875 0.3740458015625 0.5469346374999999 0.39503816718749996 0.5870109734375 0.423664121875 0.5927361640625 0.39122137343749996 0.5984613546875 0.38931297656249997 0.6118201328125 0.47137404531250005 0.6022781484374999 0.45610687031249997 0.6328125 0.4408396953125 0.6328125 0.4370229 0.61372853125 0.41603053437500004 0.638537690625 0.4370229 0.6595300578125001 0.46755725156250005 0.64426288125 0.4732824421875 0.6843392171875 0.5477099234375 0.7282323468749999 0.5591603046875 0.7587666984375 0.6278625953125 0.7396827296875 0.65267175625 0.7873926531250001 0.6793893125 0.791209446875 0.7003816796875 0.7740338734375001 0.734732825 0.7778506671875001 0.7805343515625001 0.701514790625 0.8034351140625 0.6824308203125
0 0.7748091609375 0.1805224234375 0.76908396875 0.17479723281249998 0.75381679375 0.1824308203125 0.748091603125 0.1881560109375 0.748091603125 0.1919728046875 0.75381679375 0.197697996875 0.7576335875 0.197697996875 0.7729007640625001 0.216781965625 0.7748091609375 0.21487356875 0.7805343515625001 0.212965171875 0.7900763359375 0.20342318750000002 0.7786259546875 0.1919728046875 0.7748091609375 0.1805224234375
0 0.931297709375 0.2683086828125 0.931297709375 0.2606750953125 0.923664121875 0.2530415078125 0.923664121875 0.2415911265625 0.9293893125 0.2396827296875 0.9351145031250001 0.23395753749999998 0.9351145031250001 0.23014074375 0.9255725187499999 0.220598759375 0.90267175625 0.220598759375 0.9007633593750001 0.21487356875 0.8912213734375 0.20533158437500001 0.8854961828125001 0.20342318750000002 0.8854961828125001 0.1957896 0.8816793890625 0.1919728046875 0.8854961828125001 0.1881560109375 0.8854961828125001 0.1805224234375 0.8797709921875001 0.17479723281249998 0.8568702296874999 0.1786140265625 0.84732824375 0.1843392171875 0.84732824375 0.211056775 0.8435114499999999 0.21487356875 0.8435114499999999 0.22250715625 0.8492366406249999 0.228232346875 0.8606870234375 0.228232346875 0.8625954203124999 0.23777433281250002 0.8568702296874999 0.2396827296875 0.84732824375 0.2492247140625 0.84732824375 0.2530415078125 0.853053434375 0.2587666984375 0.8568702296874999 0.2587666984375 0.8606870234375 0.2549499046875 0.8721374046875001 0.2549499046875 0.8912213734375 0.2434995234375 0.8950381671875001 0.2473163171875 0.90267175625 0.2473163171875 0.9064885500000001 0.2434995234375 0.908396946875 0.2492247140625 0.90267175625 0.2549499046875 0.8893129765625 0.2568583015625 0.896946565625 0.27212547656249997 0.8931297703125001 0.27594227031249996 0.896946565625 0.279759065625 0.8931297703125001 0.283575859375 0.904580153125 0.283575859375 0.9007633593750001 0.279759065625 0.90267175625 0.27785066718749996 0.921755725 0.27785066718749996 0.931297709375 0.2683086828125
0 0.6793893125 0.20342318750000002 0.6793893125 0.211056775 0.685114503125 0.216781965625 0.6946564890625 0.21487356875 0.7022900765625 0.211056775 0.7022900765625 0.20723998125 0.6965648859375 0.20151479062500002 0.6793893125 0.20342318750000002
0 0.67557251875 0.20342318750000002 0.673664121875 0.197697996875 0.6641221374999999 0.19960639375 0.666030534375 0.20533158437500001 0.67557251875 0.20342318750000002
0 0.9770992359375 0.451514790625 0.9637404578125001 0.4419728046875 0.9580152671875 0.447697996875 0.9541984734375 0.46296517187499997 0.9427480921875 0.47059875937499995 0.9446564890625 0.4839575375 0.9923664125 0.48204914062500004 1 0.47059875937499995 0.986641221875 0.4686903625 0.9770992359375 0.459148378125 0.9770992359375 0.451514790625
0 0.921755725 0.4457896 0.9122137406249999 0.451514790625 0.9141221375 0.4686903625 0.931297709375 0.46678196562499996 0.9351145031250001 0.46296517187499997 0.9351145031250001 0.451514790625 0.9293893125 0.4457896 0.921755725 0.4457896
0 0.9561068703125001 0.396171278125 0.9694656484375 0.39426288125000003 0.9637404578125001 0.380904103125 0.9503816796875 0.3828125 0.9503816796875 0.3904460875 0.9561068703125001 0.396171278125
0 1 0.5164002859375 0.982824428125 0.5144918890625 0.9751908390624999 0.5183086828125 0.9732824421874999 0.5316674625 0.9770992359375 0.53548425625 0.9770992359375 0.5431178437499999 0.982824428125 0.548843034375 1 0.5469346374999999 1 0.5164002859375
0 0.9522900765625 0.701514790625 0.9465648859375 0.70723998125 0.9465648859375 0.7186903625000001 0.9561068703125001 0.7282323468749999 0.9732824421874999 0.72632395 0.9770992359375 0.7225071562500001 0.9770992359375 0.70723998125 0.9713740453125 0.701514790625 0.9522900765625 0.701514790625
0 0.9484732828125001 0.6709804390625 0.9618320609375001 0.6690720421874999 0.9618320609375001 0.6614384546875 0.9561068703125001 0.6557132640625001 0.9465648859375 0.6576216609375 0.9484732828125001 0.6709804390625
0 0.998091603125 0.648079675 1 0.646171278125 0.998091603125 0.62899570625 0.9923664125 0.634720896875 0.9923664125 0.642354484375 0.998091603125 0.648079675
0 0.42557251875 0.6938812015625 0.423664121875 0.7034231875 0.40076335937499996 0.7225071562500001 0.40458015312500006 0.72632395 0.40648855 0.735865934375 0.4141221375 0.7396827296875 0.431297709375 0.7377743328124999 0.45038167968750004 0.7186903625000001 0.44274809218750005 0.69960639375 0.4370229 0.6938812015625 0.42557251875 0.6938812015625
0 0.4656488546875 0.7377743328124999 0.4656488546875 0.7454079203124999 0.47900763281250003 0.7549499046875 0.48473282500000003 0.7530415078125 0.4923664125 0.7415911265624999 0.47900763281250003 0.7282323468749999 0.47137404531250005 0.7282323468749999 0.4656488546875 0.7377743328124999
0 0.328244275 0.615636928125 0.328244275 0.6041865453125 0.318702290625 0.5946445609375 0.2996183203125 0.5946445609375 0.2938931296875 0.6003697515625 0.2938931296875 0.6118201328125 0.27480916093749996 0.627087309375 0.27480916093749996 0.630904103125 0.2805343515625 0.63662929375 0.2958015265625 0.64426288125 0.3015267171875 0.642354484375 0.3091603046875 0.634720896875 0.3091603046875 0.623270515625 0.314885496875 0.617545325 0.328244275 0.615636928125
0 0.20419847343750003 0.2702170796875 0.1984732828125 0.27594227031249996 0.1946564890625 0.287392653125 0.20801526718750002 0.29693463750000004 0.2213740453125 0.295026240625 0.23282442812499998 0.287392653125 0.23282442812499998 0.27594227031249996 0.2270992359375 0.2702170796875 0.20419847343750003 0.2702170796875
0 0.2843511453125 0.2396827296875 0.27099236718749997 0.2492247140625 0.27099236718749997 0.2568583015625 0.27480916093749996 0.2606750953125 0.27671755781249996 0.27403387343749996 0.2900763359375 0.27212547656249997 0.29770992343749997 0.2644918890625 0.29770992343749997 0.2492247140625 0.2881679390625 0.2396827296875 0.2843511453125 0.2396827296875
0 0.4656488546875 0.627087309375 0.4694656484375 0.623270515625 0.4694656484375 0.6003697515625 0.46374045781250006 0.5946445609375 0.4484732828125 0.5946445609375 0.4446564890625 0.5908277671875 0.4141221375 0.5908277671875 0.41030534375 0.5946445609375 0.39122137343749996 0.5946445609375 0.3854961828125 0.6041865453125 0.3854961828125 0.6118201328125 0.396946565625 0.627087309375 0.396946565625 0.630904103125 0.41793893125 0.6404460875 0.4293893125 0.6404460875 0.431297709375 0.6576216609375 0.4370229 0.6633468515625001 0.43893129843749995 0.6614384546875 0.4484732828125 0.648079675 0.45992366406249996 0.64426288125 0.4656488546875 0.638537690625 0.4656488546875 0.627087309375