0 0.25381679375 0.399988071875 0.4370229 0.4534231875 0.45992366406249996 0.42670562968750003 0.5286259546875 0.41907204218749994 0.5324427484375 0.47250715625 0.5534351140625 0.455331584375 0.5438931296875 0.4457896 0.6164122140625 0.41907204218749994 0.677480915625 0.42288883593750004 0.7156488546875 0.4419728046875 0.7919847328125 0.4343392171875 0.7709923671875 0.447697996875 0.765267175 0.4915911265625 0.7996183203125 0.4381560109375 0.845419846875 0.4419728046875 0.8759541984375 0.5106750953125 0.9179389312499999 0.5068583015625 0.998091603125 0.5755605921875 0.9675572515624999 0.5259422703125 0.8931297703125001 0.47823234687499994 0.8816793890625 0.44006440781249995 0.9351145031250001 0.4095300578125 0.9770992359375 0.3370109734375 0.9103053437499999 0.30075143125000003 0.8645038171874999 0.3198354 0.84732824375 0.30265982812500003 0.8664122140625 0.287392653125 0.853053434375 0.27785066718749996 0.73091603125 0.23586593437499997 0.5515267171875 0.2702170796875 0.603053434375 0.306476621875 0.599236640625 0.3293773859375 0.6259541984375 0.3446445609375 0.6202290078125 0.35800333906250004 0.5896946562500001 0.3503697515625 0.57442748125 0.3274689890625 0.5438931296875 0.3274689890625 0.501908396875 0.380904103125 0.47519083906250004 0.384720896875 0.46755725156250005 0.40380486718749997 0.4293893125 0.42288883593750004 0.353053434375 0.392354484375 0.27671755781249996 0.392354484375 0.27290076406249997 0.369453721875 0.2194656484375 0.380904103125 0.17557251875 0.40189646874999996 0.1793893125 0.43243082031249996 0.0706106875 0.545026240625 0 0.5622018125 0.00381679375 0.630904103125 0.0400763359375 0.5946445609375 0.09732824375 0.5946445609375 0.080152671875 0.5622018125 0.25381679375 0.399988071875
0 0.8015267171874999 0.5164002859375 0.8110687015625 0.5221254765625 0.8129771 0.5202170796875001 0.828244275 0.5164002859375 0.8148854968749999 0.5030415078125 0.8015267171874999 0.5087666984375 0.8015267171874999 0.5164002859375
0 0.7270992359374999 0.5793773859375 0.7213740453125 0.5851025765625 0.7251908390625 0.5927361640625 0.7213740453125 0.6003697515625 0.73091603125 0.6060949421874999 0.736641221875 0.6041865453125 0.7423664125 0.6022781484374999 0.751908396875 0.5927361640625 0.75 0.5793773859375 0.7270992359374999 0.5793773859375
0 0.744274809375 0.634720896875 0.744274809375 0.638537690625 0.75 0.64426288125 0.767175571875 0.642354484375 0.767175571875 0.630904103125 0.76145038125 0.6251789125 0.75381679375 0.6251789125 0.744274809375 0.634720896875
0 0.6297709921875 0.5889193703125 0.6297709921875 0.5927361640625 0.6354961828125 0.5984613546875 0.6431297703125 0.5984613546875 0.646946565625 0.6022781484374999 0.6488549625 0.6003697515625 0.6603053437499999 0.5927361640625 0.646946565625 0.5793773859375 0.6393129765625 0.5793773859375 0.6297709921875 0.5889193703125
0 0.7213740453125 0.5812857828125 0.7232824421874999 0.6022781484374999 0.744274809375 0.6003697515625 0.744274809375 0.5965529578125001 0.751908396875 0.5889193703125 0.75 0.5793773859375 0.7213740453125 0.5812857828125
0 0.818702290625 0.6595300578125001 0.8129771 0.6652552484375 0.8129771 0.6767056296875 0.818702290625 0.6862476140625 0.8435114499999999 0.6843392171875 0.84732824375 0.6805224234375 0.84732824375 0.6652552484375 0.841603053125 0.6595300578125001 0.818702290625 0.6595300578125001
0 0.9580152671875 0.5889193703125 0.9599236640625 0.5984613546875 0.9675572515624999 0.6022781484374999 0.9770992359375 0.6003697515625 0.9770992359375 0.5927361640625 0.9675572515624999 0.5831941796875 0.9637404578125001 0.5831941796875 0.9580152671875 0.5889193703125
0 0.8816793890625 0.6957896 0.8816793890625 0.7034231875 0.8950381671875001 0.716781965625 0.908396946875 0.7148735687500001 0.908396946875 0.70723998125 0.8988549625 0.6938812015625 0.8874045796875001 0.6900644078125 0.8816793890625 0.6957896
0 0.31679389375 0.22250715625 0.31679389375 0.22632395 0.33015267187499997 0.23586593437499997 0.3511450375 0.23395753749999998 0.3511450375 0.22632395 0.33396946562499996 0.216781965625 0.326335878125 0.216781965625 0.31679389375 0.22250715625
0 0.314885496875 0.2396827296875 0.2919847328125 0.2434995234375 0.27480916093749996 0.2530415078125 0.27671755781249996 0.2625834921875 0.2881679390625 0.2625834921875 0.2919847328125 0.2664002859375 0.29770992343749997 0.2644918890625 0.3034351140625 0.2625834921875 0.3053435109375 0.2568583015625 0.31679389375 0.2454079203125 0.314885496875 0.2396827296875
0 0.5591603046875 0.220598759375 0.5534351140625 0.22632395 0.5534351140625 0.23395753749999998 0.564885496875 0.23395753749999998 0.5820610687500001 0.23204914062499998 0.583969465625 0.22632395 0.5782442750000001 0.220598759375 0.5591603046875 0.220598759375
0 0.5286259546875 0.27403387343749996 0.5381679390625 0.2606750953125 0.5324427484375 0.2473163171875 0.5209923671875 0.2434995234375 0.505725190625 0.23204914062499998 0.49427480937499996 0.23204914062499998 0.486641221875 0.2396827296875 0.46755725156250005 0.2396827296875 0.45992366406249996 0.2434995234375 0.4580152671875 0.2530415078125 0.4618320609375 0.2568583015625 0.44656488593750004 0.2683086828125 0.4522900765625 0.2816674625 0.46755725156250005 0.2816674625 0.47900763281250003 0.27403387343749996 0.486641221875 0.27403387343749996 0.48854961875 0.279759065625 0.48473282500000003 0.287392653125 0.4732824421875 0.291209446875 0.482824428125 0.30075143125000003 0.49045801562499997 0.304568225 0.49618320625 0.30265982812500003 0.517175571875 0.30075143125000003 0.51908396875 0.279759065625 0.515267175 0.27594227031249996 0.5286259546875 0.27403387343749996
0 0.40648855 0.3389193703125 0.40839694687500006 0.3370109734375 0.427480915625 0.3293773859375 0.40648855 0.3274689890625 0.40076335937499996 0.3331941796875 0.40648855 0.3389193703125
0 0.2958015265625 0.30838501875 0.3034351140625 0.30838501875 0.3072519078125 0.3122018125 0.3206106875 0.310293415625 0.318702290625 0.29311784375 0.2996183203125 0.29311784375 0.2938931296875 0.29884303437500004 0.2958015265625 0.30838501875
0 0.3874045796875 0.30075143125000003 0.3778625953125 0.306476621875 0.3778625953125 0.314110209375 0.3740458015625 0.317927003125 0.3797709921875 0.3236521953125 0.40076335937499996 0.3217437984375 0.40458015312500006 0.317927003125 0.40458015312500006 0.310293415625 0.39503816718749996 0.30075143125000003 0.3874045796875 0.30075143125000003
0 0.3835877859375 0.3541865453125 0.349236640625 0.3541865453125 0.345419846875 0.36182013281250003 0.33206106874999997 0.36372853125 0.345419846875 0.365636928125 0.353053434375 0.373270515625 0.3740458015625 0.37136211874999997 0.3797709921875 0.365636928125 0.38931297656249997 0.36372853125 0.38931297656249997 0.35991173593750003 0.3835877859375 0.3541865453125
0 0.3797709921875 0.29311784375 0.3816793890625 0.291209446875 0.3778625953125 0.283575859375 0.3854961828125 0.27594227031249996 0.3797709921875 0.27403387343749996 0.3721374046875 0.27785066718749996 0.3645038171875 0.28548425625 0.349236640625 0.29311784375 0.33396946562499996 0.30838501875 0.322519084375 0.3122018125 0.3206106875 0.317927003125 0.32442748125 0.3217437984375 0.3206106875 0.3293773859375 0.328244275 0.3293773859375 0.33396946562499996 0.3236521953125 0.345419846875 0.3198354 0.3645038171875 0.29693463750000004 0.3797709921875 0.29311784375
0 0.669847328125 0.46105677500000003 0.666030534375 0.46105677500000003 0.646946565625 0.47632395 0.6354961828125 0.48014074375 0.6297709921875 0.49349952343750003 0.6450381671875001 0.49349952343750003 0.6984732828125 0.44388120156250005 0.6927480921875 0.4419728046875 0.685114503125 0.4457896 0.669847328125 0.46105677500000003
0 0.8721374046875001 0.2473163171875 0.8759541984375 0.2434995234375 0.8912213734375 0.2434995234375 0.8950381671875001 0.2396827296875 0.9332061062499999 0.23586593437499997 0.9389312984375 0.23014074375 0.9389312984375 0.22632395 0.9293893125 0.224415553125 0.9255725187499999 0.228232346875 0.9064885500000001 0.228232346875 0.90267175625 0.23204914062499998 0.8797709921875001 0.23204914062499998 0.8759541984375 0.23586593437499997 0.8606870234375 0.23586593437499997 0.8492366406249999 0.216781965625 0.841603053125 0.212965171875 0.8301526718750001 0.212965171875 0.828244275 0.21869036249999999 0.833969465625 0.224415553125 0.841603053125 0.224415553125 0.84732824375 0.23014074375 0.818702290625 0.23204914062499998 0.8091603046875001 0.23777433281250002 0.8148854968749999 0.2511331109375 0.828244275 0.2492247140625 0.841603053125 0.2396827296875 0.8492366406249999 0.2396827296875 0.8568702296874999 0.2473163171875 0.8721374046875001 0.2473163171875
0 0.42557251875 0.2587666984375 0.43893129843749995 0.2568583015625 0.44274809218750005 0.2492247140625 0.4370229 0.2434995234375 0.423664121875 0.2454079203125 0.42557251875 0.2587666984375
0 0.4522900765625 0.209148378125 0.43893129843749995 0.22250715625 0.4408396953125 0.228232346875 0.44656488593750004 0.22632395 0.46374045781250006 0.220598759375 0.4656488546875 0.21487356875 0.45992366406249996 0.209148378125 0.4522900765625 0.209148378125
0 0.4370229 0.2702170796875 0.43320610625 0.27403387343749996 0.41793893125 0.2702170796875 0.41221374062500005 0.27594227031249996 0.423664121875 0.279759065625 0.41984732812500003 0.291209446875 0.42557251875 0.29693463750000004 0.44274809218750005 0.295026240625 0.4541984734375 0.287392653125 0.4522900765625 0.27403387343749996 0.4446564890625 0.2702170796875 0.4370229 0.2702170796875
0 0.46374045781250006 0.15953005781250001 0.4770992359375 0.15762166093750002 0.47519083906250004 0.14807967500000002 0.46374045781250006 0.14807967500000002 0.4580152671875 0.1538048671875 0.46374045781250006 0.15953005781250001
0 0.396946565625 0.1919728046875 0.3988549625 0.197697996875 0.423664121875 0.1957896 0.427480915625 0.1919728046875 0.42175572499999997 0.1824308203125 0.4141221375 0.1824308203125 0.396946565625 0.1919728046875
0 1 0.3331941796875 0.990458015625 0.3312857828125 0.9885496187499999 0.3484613546875 0.998091603125 0.3541865453125 1 0.3522781484375 1 0.3331941796875
0 0.9885496187499999 0.38662929375 0.982824428125 0.380904103125 0.9713740453125 0.380904103125 0.9580152671875 0.40189646874999996 0.9713740453125 0.41907204218749994 0.9809160312499999 0.4171636453125 0.986641221875 0.41525524843749995 0.9923664125 0.4057132640625 0.9885496187499999 0.398079675 0.9885496187499999 0.38662929375