0 0.275 0.4429939515625 0.2677419359375 0.4615423390625 0.254838709375 0.46960685468749996 0.261290321875 0.4776713703125 0.261290321875 0.5067036296875 0.279838709375 0.5171875 0.29677419375 0.5179939515624999 0.31290322656249997 0.49541330625 0.311290321875 0.47444556406249994 0.29435483906250004 0.47202620937499995 0.275 0.4429939515625
0 0.045161290625 0.190574596875 0.041935484375 0.20186491874999998 0.047580645312499996 0.21396169375000001 0.0604838703125 0.2171875 0.07177419375 0.20428427343750002 0.1024193546875 0.2236391125 0.1104838703125 0.21234879062499998 0.125 0.21234879062499998 0.13870967812499999 0.2276713703125 0.126612903125 0.23654233906250002 0.11532258124999999 0.2300907265625 0.09596774218750001 0.23654233906250002 0.08629032187499999 0.2317036296875 0.062096773437499996 0.2349294359375 0.025 0.2236391125 0.0008064515624999999 0.2317036296875 0 0.303477821875 0.047580645312499996 0.30751008125 0.05564516093750001 0.2946068546875 0.0838709671875 0.3163810484375 0.0879032265625 0.34460685468749996 0.0991935484375 0.3413810484375 0.120161290625 0.355897178125 0.1338709671875 0.35509072656249996 0.154838709375 0.334122984375 0.13870967812499999 0.3196068546875 0.148387096875 0.28896169375 0.17016129062500002 0.2897681453125 0.18467741875000002 0.2817036296875 0.19032258124999998 0.2857358875 0.1822580640625 0.2550907265625 0.16935483906249998 0.24541330625 0.17419354843749998 0.23896169375 0.1709677421875 0.22283266093749998 0.1838709671875 0.2163810484375 0.1870967734375 0.20347782187500002 0.1822580640625 0.1744455640625 0.1620967734375 0.1671875 0.0685483875 0.1671875 0.0588709671875 0.1833165328125 0.045161290625 0.1728326609375 0.05564516093750001 0.1671875 0.0395161296875 0.1671875 0.0354838703125 0.1728326609375 0.045161290625 0.190574596875
0 0.30322580625 0.45347782187499996 0.3177419359375 0.46638104843750006 0.336290321875 0.46396169374999996 0.3354838703125 0.450252015625 0.3024193546875 0.43331653281250004 0.30322580625 0.45347782187499996
0 0.4120967734375 0.562348790625 0.395161290625 0.5647681453125 0.411290321875 0.5728326609375001 0.4120967734375 0.562348790625
0 0.3725806453125 0.5647681453125 0.3822580640625 0.5728326609375001 0.40161290312500003 0.5567036296875 0.3895161296875 0.5494455640625 0.373387096875 0.5558971781250001 0.3725806453125 0.5647681453125
0 0.44193548437499997 0.600252015625 0.44677419374999994 0.593800403125 0.43467741875000004 0.5881552421875 0.43225806406249995 0.597026209375 0.44193548437499997 0.600252015625
0 0.4838709671875 0.6550907265625 0.4870967734375 0.637348790625 0.47983870937499995 0.6349294359375001 0.47580645156249995 0.640574596875 0.4838709671875 0.6550907265625
0 0.8322580640625 0.47444556406249994 0.8282258062500001 0.46880040312500004 0.813709678125 0.47202620937499995 0.798387096875 0.4486391125 0.8129032265625 0.43089717812500006 0.8024193546875 0.42202620937499996 0.7814516125 0.43654233906249995 0.773387096875 0.4317036296875 0.7516129031250001 0.4550907265625 0.745161290625 0.47444556406249994 0.7290322578125 0.4857358875 0.7322580640624999 0.5486391125 0.7411290328125 0.5333165328125 0.783064515625 0.5284778218749999 0.8217741937499999 0.5317036296875 0.84032258125 0.5486391125 0.848387096875 0.540574596875 0.811290321875 0.5067036296875 0.8290322578125 0.49702620937499997 0.8322580640625 0.47444556406249994
0 0.9225806453125 0.5712197578125 0.9370967734375 0.5599294359375 0.9354838703125001 0.550252015625 0.9209677421875 0.5421875 0.9193548390625 0.5260584671874999 0.9024193546875001 0.509122984375 0.8629032265625 0.5147681453125 0.85322580625 0.5679939515625 0.8370967734375 0.5792842734375 0.8790322578125 0.597026209375 0.8975806453124999 0.5897681453125 0.9024193546875001 0.5817036296875 0.9217741937499999 0.5817036296875 0.9225806453125 0.5712197578125
0 0.7475806453125 0.24783266093749998 0.7322580640624999 0.26476814531250004 0.7322580640624999 0.2792842734375 0.7491935484375001 0.2962197578125 0.7693548390625 0.29541330625 0.7854838703125 0.280897178125 0.7870967734375001 0.2663810484375 0.766935484375 0.2462197578125 0.7475806453125 0.24783266093749998
0 0.754838709375 0.180897178125 0.7774193546875 0.2179939515625 0.7854838703125 0.2212197578125 0.7951612906250001 0.2567036296875 0.8258064515625 0.2712197578125 0.84677419375 0.24541330625 0.8306451609375 0.21476814531250002 0.8354838703125 0.20186491874999998 0.8959677421875 0.19783266093750002 0.911290321875 0.1857358875 0.9120967734375001 0.17041330625 0.8298387093749999 0.1736391125 0.8088709671875 0.1671875 0.763709678125 0.1671875 0.758064515625 0.1728326609375 0.754838709375 0.180897178125
0 0.045161290625 0.18896169375 0.045161290625 0.2099294359375 0.052419354687499996 0.2171875 0.075 0.209122984375 0.09274193593749999 0.21396169375000001 0.0935483875 0.22283266093749998 0.1040322578125 0.22525201562500002 0.1104838703125 0.21396169375000001 0.12822580625 0.21396169375000001 0.14032258125 0.22605846718749997 0.12177419375000001 0.23976814531250001 0.025 0.2236391125 0.0008064515624999999 0.2317036296875 0 0.3067036296875 0.013709678125 0.30428427343750003 0.0145161296875 0.3115423390625 0.0008064515624999999 0.31073588750000003 0 0.3196068546875 0.013709678125 0.32202620937500004 0.016935484375 0.315574596875 0.025 0.3236391125 0.029838709375 0.30751008125 0.047580645312499996 0.30751008125 0.0572580640625 0.2962197578125 0.0822580640625 0.3163810484375 0.0895161296875 0.34621975781250003 0.1024193546875 0.3429939515625 0.1274193546875 0.3567036296875 0.1379032265625 0.3542842734375 0.154838709375 0.3357358875 0.154838709375 0.3292842734375 0.13870967812499999 0.3179939515625 0.15 0.297026209375 0.148387096875 0.28896169375 0.17016129062500002 0.2897681453125 0.18467741875000002 0.2817036296875 0.19193548437500002 0.2857358875 0.1822580640625 0.2550907265625 0.1709677421875 0.24702620937500003 0.17419354843749998 0.23734879062499997 0.16935483906249998 0.230897178125 0.1709677421875 0.22283266093749998 0.1854838703125 0.21476814531250002 0.1838709671875 0.1744455640625 0.16370967812499998 0.1671875 0.06693548437499999 0.1671875 0.0588709671875 0.1849294359375 0.045161290625 0.1712197578125 0.052419354687499996 0.1671875 0.0395161296875 0.1671875 0.0354838703125 0.1744455640625 0.045161290625 0.18896169375