0 0.6462418296875 0.745618871875 0.6290849671875 0.730095996875 0.6176470593750001 0.692514296875 0.58986928125 0.6712724671875 0.5939542484375 0.6590175656249999 0.6127450984375 0.6532986109375 0.6127450984375 0.6451286765625001 0.5890522875 0.6443116828125001 0.5923202609375 0.6263378265624999 0.564542484375 0.6165339046875 0.509803921875 0.568331290625 0.5049019609375 0.5438214875 0.48856209218749996 0.5274816171875 0.48856209218749996 0.507873775 0.5416666671875 0.4841809640625 0.544117646875 0.478462009375 0.534313725 0.47519403593750004 0.5392156859375 0.470292075 0.5318627453125 0.4645731203125 0.47140522812499996 0.4645731203125 0.46241830000000006 0.481729984375 0.47385620937499995 0.5046058 0.47140522812499996 0.513592728125 0.46241830000000006 0.5095077609375 0.453431371875 0.49071691250000005 0.43300653593750005 0.481729984375 0.43464052343750004 0.46539011406249997 0.420751634375 0.45803717343750006 0.20506535937499998 0.451501225 0.17892156875 0.4465992640625 0.1568627453125 0.42454044062499996 0.1111111109375 0.355912990625 0.11519607812499999 0.34365808750000004 0.13888888906250002 0.3591809640625 0.13888888906250002 0.3689848859375 0.19035947656250002 0.43352736875 0.3962418296875 0.43516135624999996 0.43218954218750005 0.42699142187500005 0.439542484375 0.41800449375 0.437908496875 0.40329861093749997 0.4044117640625 0.374703840625 0.3619281046875 0.3779718140625 0.3341503265625 0.40411560468749996 0.314542484375 0.407383578125 0.2818627453125 0.389409721875 0.25 0.3608149515625 0.23856209218750002 0.33467115937499997 0.23856209218750002 0.31342932968750004 0.2810457515625 0.1908803109375 0.2826797390625 0.1696384796875 0.203431371875 0.1720894609375 0.18464052343749998 0.1974162578125 0.13888888906250002 0.2987234484375 0.08905228750000001 0.335488153125 0.0506535953125 0.352645015625 0.0506535953125 0.408200571875 0.1078431375 0.4931678921875 0.1364379078125 0.5021548203124999 0.14297385625 0.5103247546875 0.19689542499999999 0.50869076875 0.23611111093749998 0.495618871875 0.2818627453125 0.49725285937499997 0.296568628125 0.5037888078125 0.312091503125 0.52584763125 0.312091503125 0.587939134375 0.3014705875 0.606729984375 0.2736928109375 0.61163194375 0.258986928125 0.623069853125 0.2459150328125 0.621435865625 0.2459150328125 0.6345077609375 0.1952614375 0.6361417484375 0.1495098046875 0.6165339046875 0.1486928109375 0.5944750812499999 0.1380718953125 0.5822201796875001 0.10539215625000001 0.57568423125 0.0040849671875 0.5266646234375 0 0.8297692 0.3766339875 0.8338541671874999 0.383986928125 0.8248672390625 0.383986928125 0.8101613562500001 0.37418300625 0.7921875 0.3529411765625 0.77584763125 0.3513071890625 0.764409721875 0.34150326875000003 0.764409721875 0.3333333328125 0.746435865625 0.3366013078125 0.7333639703125 0.3447712421875 0.730095996875 0.34640522812499996 0.70231821875 0.3733660125 0.6982332515625 0.3888888890625 0.70395220625 0.37826797343749996 0.7047692 0.3733660125 0.7162071078125 0.3578431375 0.7170241015625 0.3529411765625 0.7513378265624999 0.35620915000000003 0.7611417484375 0.3799019609375 0.7782986109375 0.39950980468749997 0.7766646234375 0.42892156875 0.747252859375 0.47140522812499996 0.763592728125 0.5024509796875 0.765226715625 0.562908496875 0.7374489375 0.6282679734375 0.7717626640625 0.6462418296875 0.8093443625000001 0.6486928109375001 0.7954554734375 0.6576797390625 0.7946384796875 0.686274509375 0.8134293296875 0.6952614374999999 0.8338541671874999 0.7434640515625001 0.8330371734375 0.741830065625 0.818331290625 0.7279411765625 0.7962724671875 0.688725490625 0.7619587421875 0.6462418296875 0.745618871875
0 0.561274509375 0.7766646234375 0.5416666671875 0.7701286765625001 0.49918300625 0.7750306375 0.46568627500000004 0.8150633171875 0.4681372546875 0.8338541671874999 0.5767973859375 0.8338541671874999 0.5751633984375 0.7921875 0.561274509375 0.7766646234375
0 0.42483660156249997 0.8338541671874999 0.44117647031249996 0.8338541671874999 0.435457515625 0.801174428125 0.42483660156249997 0.8338541671874999
0 0.6380718953125 0.7799325984375 0.6405228765625 0.8338541671874999 0.6568627453125 0.8338541671874999 0.6503267968750001 0.7905535125 0.6380718953125 0.7799325984375
0 0.811274509375 0.639409721875 0.78349673125 0.632873775 0.758169934375 0.6582005718749999 0.7516339875 0.7170241015625 0.776960784375 0.7325469765625 0.8006535953125 0.7333639703125 0.8218954249999999 0.7088541671875 0.8186274515624999 0.6810763890625 0.8235294124999999 0.6565665843749999 0.811274509375 0.639409721875
0 0.811274509375 0.639409721875 0.78676470625 0.632873775 0.7720588234375 0.641043709375 0.758169934375 0.6614685453125 0.7516339875 0.712122140625 0.760620915625 0.7260110296875 0.7990196078125 0.731729984375 0.8218954249999999 0.7088541671875 0.8186274515624999 0.6810763890625 0.8235294124999999 0.6565665843749999 0.811274509375 0.639409721875
0 1 0.6843443625 0.9763071890624999 0.6737234484375 0.937091503125 0.6688214875 0.8995098046875001 0.6361417484375 0.8733660125 0.6361417484375 0.8496732031249999 0.66637050625 0.8496732031249999 0.6810763890625 0.8700980390625 0.6982332515625 0.9338235296875 0.701501225 0.98039215625 0.7251940359375 0.9869281046875 0.73989991875 0.9852941171875 0.800357434375 0.9934640515625001 0.8314031859375 1 0.8330371734375 1 0.6843443625
0 0.76633986875 0.757873775 0.7745098046875001 0.7627757359375 0.7875816999999999 0.7546058 0.7818627453125 0.7423508984375 0.76633986875 0.748069853125 0.76633986875 0.757873775
0 0.7549019609375 0.8281352125 0.7573529406249999 0.8338541671874999 0.7745098046875001 0.8338541671874999 0.76879085 0.8224162578125 0.7549019609375 0.8281352125
0 0.7189542484375 0.659834559375 0.7352941171875 0.6631025328125 0.741830065625 0.6565665843749999 0.740196078125 0.6467626640625 0.721405228125 0.6443116828125001 0.7189542484375 0.659834559375
0 0.7091503265625 0.6353247546875 0.715686275 0.622252859375 0.7001633984375 0.6181678921875 0.69771241875 0.63205678125 0.7091503265625 0.6353247546875
0 0.7426470593750001 0.567514296875 0.740196078125 0.584671159375 0.758169934375 0.5895731203125 0.7647058828125 0.584671159375 0.7647058828125 0.5715992640625001 0.758986928125 0.5658803109375 0.7426470593750001 0.567514296875
0 0.776960784375 0.5315665843749999 0.76797385625 0.5389195265625 0.76797385625 0.5503574343750001 0.7875816999999999 0.56016135625 0.7973856203125 0.551991421875 0.7973856203125 0.5421875 0.7900326796875 0.5332005718749999 0.776960784375 0.5315665843749999
0 0.784313725 0.48826593125000006 0.7916666671875 0.49888684687499996 0.8022875812500001 0.49970384062499995 0.8161764703125 0.47110906874999997 0.848039215625 0.460488153125 0.7818627453125 0.45803717343750006 0.784313725 0.48826593125000006
0 0.8390522875 0.36653390468749997 0.7883986921874999 0.371435865625 0.7671568625 0.36163194375 0.758169934375 0.3689848859375 0.7647058828125 0.38042279375 0.7565359484374999 0.409834559375 0.760620915625 0.4204554734375 0.8447712421875 0.4196384796875 0.8823529406249999 0.41637050625 0.8790849671875 0.3951286765625 0.8668300656250001 0.3779718140625 0.8390522875 0.36653390468749997
0 0.696895425 0.37633782656250003 0.6846405234375 0.390226715625 0.6797385625000001 0.4196384796875 0.73039215625 0.4212724671875 0.7483660125 0.3951286765625 0.7450980390625 0.3771548203125 0.7295751640625 0.3681678921875 0.696895425 0.37633782656250003
0 0.687091503125 0.34529207500000003 0.6830065359375 0.364082925 0.6919934640625 0.371435865625 0.705882353125 0.370618871875 0.7124183000000001 0.3624489375 0.7107843140625 0.3493770421875 0.7017973859375 0.34365808750000004 0.687091503125 0.34529207500000003
0 0.74918300625 0.2603247546875 0.7189542484375 0.3281352125 0.7540849671875 0.3599979578125 0.7614379078125 0.3591809640625 0.7810457515625 0.3493770421875 0.784313725 0.33467115937499997 0.76960784375 0.28238357812500003 0.74918300625 0.2603247546875
0 0.66176470625 0.16800449374999998 0.7263071890624999 0.2358149515625 0.7459150328125 0.24888684687499998 0.759803921875 0.248069853125 0.76960784375 0.23663194375000002 0.76960784375 0.220292075 0.7540849671875 0.1671875 0.66176470625 0.16800449374999998