0 0.14625 0.5034375 0.15437499999999998 0.49031250000000004 0.161875 0.4915625 0.17124999999999999 0.4996875 0.175625 0.5140625 0.18937500000000002 0.5215625 0.20187499999999997 0.5203125 0.21187499999999998 0.5278125 0.215 0.5234375 0.20375000000000001 0.5109375 0.22125 0.5021875 0.22125 0.4971875 0.2125 0.4921875 0.22125 0.48218750000000005 0.21125 0.4759375 0.21625 0.4684375 0.21437499999999998 0.46281249999999996 0.191875 0.4815625 0.178125 0.4765625 0.168125 0.49406249999999996 0.14250000000000002 0.47093749999999995 0.129375 0.4453125 0.100625 0.43656249999999996 0.091875 0.42281250000000004 0.079375 0.42406249999999995 0.07062500000000001 0.41281249999999997 0.051875000000000004 0.4265625 0.043125000000000004 0.42406249999999995 0.03125 0.4371875 0.03125 0.4446875 0.057499999999999996 0.4846875 0.057499999999999996 0.4959375 0.05437499999999999 0.5040625000000001 0.048125 0.5040625000000001 0.043125000000000004 0.4953125 0.029375000000000002 0.4915625 0.02375 0.4959375 0.025 0.5034375 0.040625 0.5178125 0.050624999999999996 0.5203125 0.06687499999999999 0.5390625 0.114375 0.5315624999999999 0.130625 0.5440625 0.141875 0.5390625 0.165625 0.5540625 0.1925 0.5634375 0.16375 0.5384375 0.16 0.5309375000000001 0.16625 0.5196875000000001 0.14625 0.5034375
0 0.39 0.6996875 0.385 0.7271875 0.388125 0.7340625000000001 0.43499999999999994 0.7334375 0.42374999999999996 0.7134375000000001 0.42437500000000006 0.6953125 0.40437500000000004 0.6915625000000001 0.39 0.6996875
0 0.29125 0.6409374999999999 0.29125 0.6346875 0.281875 0.6303124999999999 0.28125 0.6359375 0.29125 0.6409374999999999
0 0.3375 0.7034374999999999 0.34375 0.7046875 0.355 0.6846875 0.353125 0.6803125 0.33625 0.6946875 0.3375 0.7034374999999999
0 0.8162499999999999 0.6684375 0.826875 0.6590625 0.898125 0.6590625 0.914375 0.6515625 0.91875 0.6446875000000001 0.889375 0.6328125 0.8731249999999999 0.6140625 0.8481249999999999 0.6003125 0.826875 0.5965625 0.785625 0.6040625000000001 0.7837500000000001 0.6096874999999999 0.79125 0.6134375000000001 0.7887500000000001 0.6221875 0.79875 0.6284375 0.8 0.6409374999999999 0.76375 0.6459374999999999 0.77 0.6684375 0.76375 0.6846875 0.796875 0.6965625 0.825 0.6959375 0.8324999999999999 0.6921875 0.8324999999999999 0.6834374999999999 0.828125 0.6740625 0.8162499999999999 0.6684375
0 0.6825 0.5659375 0.6825 0.5396875 0.69375 0.5271874999999999 0.6849999999999999 0.5221875 0.6799999999999999 0.5084375 0.6849999999999999 0.4996875 0.6825 0.4921875 0.686875 0.4890625 0.690625 0.49906249999999996 0.6925 0.4884375 0.655625 0.4640625 0.620625 0.45531249999999995 0.596875 0.45531249999999995 0.5912499999999999 0.46343750000000006 0.5962500000000001 0.49468750000000006 0.6118750000000001 0.5028125 0.614375 0.5090625 0.625 0.5034375 0.625 0.5159374999999999 0.61875 0.5196875000000001 0.66625 0.5759375 0.66875 0.5934375000000001 0.66875 0.5784374999999999 0.6725 0.5784374999999999 0.6743750000000001 0.5890625 0.6825 0.5659375
0 0.583125 0.43656249999999996 0.541875 0.4340625 0.5175 0.4484375 0.524375 0.4653125 0.55125 0.4671875 0.561875 0.4640625 0.576875 0.44656250000000003 0.58875 0.4409375 0.583125 0.43656249999999996
0 0.67625 0.2684375 0.68125 0.2521875 0.6925 0.2484375 0.666875 0.23781249999999998 0.6599999999999999 0.2234375 0.651875 0.2190625 0.64625 0.2296875 0.6525000000000001 0.24343750000000003 0.6481250000000001 0.2453125 0.631875 0.2365625 0.61875 0.2684375 0.62 0.2759375 0.64625 0.2971875 0.60375 0.4359375 0.60625 0.4484375 0.6275000000000001 0.3859375 0.63125 0.3609375 0.65625 0.2971875 0.67625 0.2684375
0 0.42000000000000004 0.2809375 0.42374999999999996 0.2796875 0.41312499999999996 0.21531250000000002 0.4225 0.2359375 0.42625 0.23343750000000002 0.4175 0.20593750000000002 0.41875 0.1796875 0.395 0.1609375 0.381875 0.1403125 0.37687499999999996 0.1403125 0.375 0.1471875 0.38875000000000004 0.17093750000000002 0.379375 0.17781249999999998 0.368125 0.1615625 0.346875 0.1565625 0.335 0.1696875 0.34125 0.1809375 0.33625 0.1909375 0.34500000000000003 0.1984375 0.349375 0.2140625 0.353125 0.2015625 0.36124999999999996 0.2046875 0.369375 0.23531249999999998 0.37312500000000004 0.22156250000000002 0.381875 0.2203125 0.39125 0.22718750000000001 0.39249999999999996 0.2846875 0.40062499999999995 0.2365625 0.41125 0.2709375 0.416875 0.2640625 0.42000000000000004 0.2809375
0 0.47625 0.3771875 0.468125 0.36906249999999996 0.459375 0.3753125 0.45437500000000003 0.3728125 0.45125000000000004 0.3796875 0.45625 0.42843749999999997 0.4575 0.39468749999999997 0.464375 0.38656250000000003 0.47625 0.3921875 0.47625 0.3771875
0 0.3825 0.4446875 0.36 0.4371875 0.36875 0.4134375 0.34625 0.3796875 0.325625 0.3603125 0.316875 0.3603125 0.30125 0.3746875 0.3 0.4096875 0.29125 0.42093749999999996 0.3125 0.4409375 0.325 0.47093749999999995 0.32 0.4846875 0.3275 0.49093749999999997 0.348125 0.47906250000000006 0.368125 0.4803125 0.37 0.45968749999999997 0.3825 0.4446875
0 0.4375 0.5596875 0.43875000000000003 0.5471874999999999 0.44749999999999995 0.5459375 0.44375 0.5096875 0.43875000000000003 0.4959375 0.41937499999999994 0.4803125 0.416875 0.48656249999999995 0.393125 0.4965625 0.393125 0.5053124999999999 0.38 0.5084375 0.38 0.5234375 0.39 0.5309375000000001 0.38 0.5346875 0.39125 0.5421875 0.39437500000000003 0.5553125 0.40062499999999995 0.5540625 0.41312499999999996 0.5615625 0.416875 0.5540625 0.425625 0.5540625 0.42000000000000004 0.5584374999999999 0.42750000000000005 0.5621875000000001 0.41875 0.5671875 0.45125000000000004 0.5796875 0.45499999999999996 0.5709375 0.44437499999999996 0.5565625 0.440625 0.5640625 0.4375 0.5596875
0 0.286875 0.5378125 0.28875 0.5471874999999999 0.27375 0.5546875 0.27749999999999997 0.5659375 0.280625 0.5703125 0.290625 0.5690625 0.290625 0.5790625 0.29812500000000003 0.5728125000000001 0.29874999999999996 0.5796875 0.305 0.5796875 0.315 0.5709375 0.315 0.5646875 0.303125 0.5428124999999999 0.286875 0.5378125
0 0.59875 0.7084374999999999 0.605 0.7159375 0.6125 0.6971875 0.608125 0.6778125 0.6075 0.6971875 0.59875 0.7084374999999999
0 0.3625 0.6534375 0.350625 0.6528125 0.34187500000000004 0.6403125000000001 0.299375 0.6540625 0.28625 0.6684375 0.286875 0.6740625 0.3075 0.6684375 0.28500000000000003 0.6971875 0.28875 0.7109375 0.294375 0.7140625 0.31062500000000004 0.6978125000000001 0.30375 0.7146874999999999 0.30874999999999997 0.7209375 0.33875 0.6796875 0.354375 0.6753125 0.36124999999999996 0.6609375 0.3625 0.6534375