0 0.52770083125 0.6332020421875 0.5484764546875 0.6041161703125 0.4889196671875 0.5584097984375 0.32271468125 0.5445593843750001 0.24653739687499998 0.5542546749999999 0.3808864265625 0.5888807140625001 0.3933518 0.6096563359375 0.3518005546875 0.6235067515625 0.40304709218749996 0.619351628125 0.4265927984375 0.634587084375 0.42105263125 0.6484375 0.42936288125 0.6484375 0.439058171875 0.6359721265625 0.4972299171875 0.6470524578125 0.5027700828125 0.6359721265625 0.52770083125 0.6332020421875
0 0.4099722984375 0.532094009375 0.41412742343750003 0.51408846875 0.38227146875 0.5182435937500001 0.3891966765625 0.5307089687500001 0.4099722984375 0.532094009375
0 0.1135734078125 0.6872186640625 0.120498615625 0.6636729578125 0.088642659375 0.6678280812499999 0.0872576171875 0.685833621875 0.1135734078125 0.6872186640625
0 0.0761772859375 0.8104873609375 0.1052631578125 0.8091023203125 0.1135734078125 0.8035621531249999 0.10941828281249999 0.78278653125 0.0720221609375 0.7897117375 0.0761772859375 0.8104873609375
0 0 0.7592408234375 0.0110803328125 0.7592408234375 0.0512465375 0.7384652015625 0.0637119109375 0.717689578125 0.0401662046875 0.7135344531250001 0.020775623437499998 0.7246147859375001 0 0.7453904078125 0 0.7592408234375
0 0.1495844875 0.6041161703125 0.1606648203125 0.6290469187500001 0.135734071875 0.6456674171875 0.1412742375 0.6678280812499999 0.21329639843749998 0.6262768359375 0.192520775 0.591650796875 0.17313019375 0.5888807140625001 0.1495844875 0.6041161703125
0 0.529085871875 0.7897117375 0.533240996875 0.7661660312499999 0.504155125 0.7675510734375 0.5110803328125 0.7910967796875 0.529085871875 0.7897117375
0 0.39889196718750003 0.6927588296875 0.46675900312499996 0.7079942859374999 0.486149584375 0.7301549515625 0.5069252078125001 0.728769909375 0.5124653734375 0.71491949375 0.4972299171875 0.7024541203125 0.439058171875 0.6886037046875 0.39889196718750003 0.6927588296875
0 0.454293628125 0.750930575 0.4473684203125 0.7994070296875 0.39889196718750003 0.8063322375 0.470914128125 0.8091023203125 0.470914128125 0.7786314062499999 0.4847645421875 0.7537006578125001 0.4695290859375 0.74677545 0.454293628125 0.750930575
0 0.6426592796875 0.709379328125 0.6301939062499999 0.6913737875 0.59833795 0.6927588296875 0.6135734078125 0.7107643703125001 0.6426592796875 0.709379328125
0 0.793628809375 0.6941438718749999 0.8144044328125 0.6927588296875 0.8171745156249999 0.6733682484375 0.7770083109375 0.6470524578125 0.77562326875 0.6789084140625 0.793628809375 0.6941438718749999
0 0.734072021875 0.67613833125 0.7562326875000001 0.6844485796875001 0.7506925203125 0.6650579984375 0.7590027703125 0.653977665625 0.73268698125 0.6498225421875 0.734072021875 0.67613833125
0 0.4750692515625 0.7079942859374999 0.48060941875 0.7246147859375001 0.504155125 0.728769909375 0.5124653734375 0.71491949375 0.4972299171875 0.7024541203125 0.40720221562500003 0.689988746875 0.4750692515625 0.7079942859374999
0 0.793628809375 0.6941438718749999 0.8144044328125 0.6927588296875 0.8144044328125 0.6678280812499999 0.7770083109375 0.6470524578125 0.77562326875 0.6789084140625 0.793628809375 0.6941438718749999
0 0.1523545703125 0.6013460875 0.1495844875 0.6124264203124999 0.163434903125 0.6262768359375 0.135734071875 0.6484375 0.144044321875 0.6650579984375 0.210526315625 0.6290469187500001 0.21329639843749998 0.615196503125 0.192520775 0.591650796875 0.1523545703125 0.6013460875
0 1 0.689988746875 0.9542936281250001 0.68029345625 0.9473684203125 0.6982989953125001 0.958448753125 0.709379328125 0.958448753125 0.737080159375 0.9750692515624999 0.7730912390625 1 0.7869416546875 1 0.689988746875
0 0.8490304703125 0.5805704640625 0.8060941828124999 0.5930358375 0.887811634375 0.6609028734375 0.919667590625 0.6705981640625 0.939058171875 0.65674775 0.90166205 0.6387422093749999 0.8684210531250001 0.5861106296874999 0.8490304703125 0.5805704640625
0 1 0.5542546749999999 0.97645429375 0.536249134375 0.9321329640625 0.5251688015625 0.891966759375 0.5348640921875 0.8891966765625 0.545944425 0.9127423828125 0.56949013125 0.97229916875 0.587495671875 1 0.58195550625 1 0.5542546749999999
0 0.3254847640625 0.5445593843750001 0.2437673125 0.5542546749999999 0.3905817171875 0.5985760046874999 0.3891966765625 0.611041378125 0.3531855953125 0.62489179375 0.4002770078125 0.619351628125 0.4265927984375 0.6373571671875 0.42243767343750005 0.6498225421875 0.4418282546875 0.6359721265625 0.49584487499999996 0.6484375 0.5304709140625 0.6332020421875 0.5484764546875 0.6013460875 0.494459834375 0.5611798828125 0.3254847640625 0.5445593843750001
0 0.8254847640625 0.568105090625 0.8157894734375001 0.5528696328125 0.7922437671875 0.559794840625 0.8019390578125 0.56949013125 0.8254847640625 0.568105090625
0 0.753462603125 0.5847255890625 0.76731301875 0.587495671875 0.77562326875 0.5847255890625 0.77562326875 0.5625649234375001 0.7603878109375 0.555639715625 0.753462603125 0.5847255890625
0 0.7285318562499999 0.6512075828125 0.7437673124999999 0.685833621875 0.7590027703125 0.681678496875 0.753462603125 0.6650579984375 0.765927978125 0.6609028734375 0.790858725 0.6941438718749999 0.8144044328125 0.6927588296875 0.8144044328125 0.6678280812499999 0.7880886421875 0.6470524578125 0.7686980609375 0.6581327906250001 0.7285318562499999 0.6512075828125
0 0.8518005546874999 0.5805704640625 0.808864265625 0.5930358375 0.8850415515625001 0.6581327906250001 0.91689750625 0.6705981640625 0.939058171875 0.6595178328125 0.8961218843750001 0.6359721265625 0.86565096875 0.5861106296874999 0.8518005546874999 0.5805704640625
0 0.30055401718749997 0.555639715625 0.2963988921875 0.56533500625 0.304709140625 0.568105090625 0.30055401718749997 0.555639715625
0 0.67728531875 0.6387422093749999 0.6731301937499999 0.6484375 0.68144044375 0.6512075828125 0.67728531875 0.6387422093749999
0 0.439058171875 0.5888807140625001 0.4238227140625 0.587495671875 0.434903046875 0.5958059203125 0.439058171875 0.5888807140625001
0 0.43351800625000003 0.6387422093749999 0.42105263125 0.6456674171875 0.43213296406249996 0.6484375 0.43351800625000003 0.6387422093749999
0 0.32963988906249997 0.5570247578124999 0.328254846875 0.5667200484375 0.340720221875 0.56533500625 0.32963988906249997 0.5570247578124999
0 0.49168975000000004 0.6359721265625 0.48199445937499996 0.64012725 0.4986149578125 0.6456674171875 0.49168975000000004 0.6359721265625
0 0.8171745156249999 0.67613833125 0.807479225 0.6747532890625 0.8171745156249999 0.689988746875 0.8171745156249999 0.67613833125
0 0.8379501390625 0.7384652015625 0.8254847640625 0.7453904078125 0.836565096875 0.750930575 0.8379501390625 0.7384652015625
0 0.7963988921875 0.6692131234375001 0.789473684375 0.681678496875 0.8005540171875 0.6872186640625 0.7963988921875 0.6692131234375001
0 0.5304709140625 0.6609028734375 0.52354570625 0.6733682484375 0.537396121875 0.67613833125 0.5304709140625 0.6609028734375
0 0.36980609375 0.6138114609375 0.3518005546875 0.6235067515625 0.368421053125 0.6262768359375 0.36980609375 0.6138114609375
0 0.5955678671875 0.750930575 0.6011080328125 0.7398502421875001 0.588642659375 0.732925034375 0.584487534375 0.7453904078125 0.5955678671875 0.750930575
0 0.7590027703125 0.6844485796875001 0.757617728125 0.67198320625 0.742382271875 0.6733682484375 0.746537396875 0.685833621875 0.7590027703125 0.6844485796875001
0 0.43213296406249996 0.58195550625 0.434903046875 0.56533500625 0.42243767343750005 0.563949965625 0.4238227140625 0.58195550625 0.43213296406249996 0.58195550625
0 0.48337950156250004 0.72738486875 0.5013850421875 0.728769909375 0.49584487499999996 0.709379328125 0.505540165625 0.705224203125 0.47645429375 0.7066092453125 0.48337950156250004 0.72738486875
0 0.5955678671875 0.6955289125 0.608033240625 0.7107643703125001 0.639889196875 0.7121494109375 0.6454293625 0.7010690796875 0.6329639890625 0.6913737875 0.6052631578125001 0.685833621875 0.5955678671875 0.6955289125
0 0.6246537390625 0.6027311281250001 0.6149584484374999 0.6096563359375 0.63434903125 0.615196503125 0.6246537390625 0.6027311281250001
0 0.7867036015625 0.44622143281250004 0.790858725 0.42821589375 0.7590027703125 0.42406076875 0.765927978125 0.442066309375 0.7867036015625 0.44622143281250004
0 0.6786703593750001 0.41575051875 0.6745152359375 0.40051506249999996 0.6288088640625 0.3880496890625 0.635734071875 0.40882531093749996 0.6786703593750001 0.41575051875
0 0.7728531859375 0.46007184843750004 0.8240997234374999 0.5002380546875 0.86980609375 0.5099333453125 0.9002770078125 0.49054276249999995 0.821329640625 0.45037655781249997 0.799168975 0.447606475 0.7728531859375 0.46007184843750004
0 0.7022160671875 0.5279388843749999 0.692520775 0.5348640921875 0.706371190625 0.540404259375 0.7022160671875 0.5279388843749999
0 0.709141275 0.6262768359375 0.71606648125 0.6387422093749999 0.7285318562499999 0.6373571671875 0.709141275 0.6262768359375
0 0.66897506875 0.52239871875 0.6537396125 0.52655384375 0.6703601109374999 0.5348640921875 0.66897506875 0.52239871875
0 0.7686980609375 0.5611798828125 0.7590027703125 0.5764153390625 0.7728531859375 0.579185421875 0.7686980609375 0.5611798828125
0 0.5540166203125 0.545944425 0.5387811640625 0.536249134375 0.5484764546875 0.5542546749999999 0.5540166203125 0.545944425
0 0.5360110796875001 0.4974679703125 0.5401662046875 0.5237837609375 0.556786703125 0.52655384375 0.5360110796875001 0.4974679703125
0 0.6066482 0.4739222640625 0.6052631578125001 0.46422697343749997 0.584487534375 0.4628419328125 0.5858725765624999 0.47530730625000006 0.6066482 0.4739222640625
0 0.2880886421875 0.36865910625 0.2963988921875 0.3603488578125 0.289473684375 0.35342365 0.2686980609375 0.3603488578125 0.2880886421875 0.36865910625
0 0.2437673125 0.4046701875 0.25484764531250004 0.4074402703125 0.30055401718749997 0.40051506249999996 0.31024930781250004 0.3852796046875 0.289473684375 0.3838945640625 0.2437673125 0.4046701875
0 0.0387811640625 0.34095827500000003 0.037396121875 0.3284929015625 0.01939058125 0.3326480265625 0.02354570625 0.3423433171875 0.0387811640625 0.34095827500000003
0 0.9986149578125 0.6221217109375 0.9861495843749999 0.6235067515625 1 0.634587084375 0.9986149578125 0.6221217109375