0 0.279929578125 0.5297828640625 0.25 0.5338908453125 0.251173709375 0.551496478125 0.25762910781250004 0.5602992953125 0.2863849765625 0.5620598593749999 0.30340375625 0.5532570421874999 0.3110328640625 0.5409330984375 0.29518779375 0.53213028125 0.279929578125 0.5297828640625
0 0.0557511734375 0.3689847421875 0.059859154687500006 0.3648767609375 0.034037559375 0.3414025828125 0.031103285937500003 0.3337734734375 0.030516431249999997 0.3414025828125 0.0211267609375 0.34375 0.0211267609375 0.3484448359375 0.029342723437500003 0.3519659625 0.027582159374999998 0.35607394375 0.0158450703125 0.35490023437499996 0 0.361355634375 0.0005868546875 0.38189554062500003 0.0252347421875 0.3842429578125 0.03697183125 0.379548121875 0.0475352109375 0.38893779375 0.052230046875000005 0.3854166671875 0.07159624375 0.39069835625 0.0762910796875 0.3883509390625 0.0762910796875 0.37661385 0.0663145546875 0.3689847421875 0.0557511734375 0.3689847421875
0 0.4278169015625 0.572036384375 0.3978873234375 0.567928403125 0.4043427234375 0.563820421875 0.391431925 0.563820421875 0.375 0.572036384375 0.3609154921875 0.5696889671875 0.3497652578125 0.5784917843749999 0.3509389671875 0.5867077468749999 0.3644366203125 0.590815728125 0.373826290625 0.6072476531250001 0.41431924843749995 0.6242664312499999 0.4348591546875 0.6178110328125 0.453638496875 0.6178110328125 0.45892018749999997 0.5960974171875 0.4278169015625 0.572036384375
0 0.16607981249999998 0.5767312203125 0.14025821562500002 0.5767312203125 0.13967136093750002 0.5644072765625 0.15375586875 0.56088615 0.15551643125 0.54034624375 0.126173709375 0.5462147890625 0.1267605640625 0.5327171359375 0.1214788734375 0.5309565734375 0.117957746875 0.54034624375 0.109741784375 0.5379988265625 0.103286384375 0.544454225 0.1003521125 0.557951878125 0.0792253515625 0.5591255875 0.0803990609375 0.5379988265625 0.086854459375 0.537411971875 0.0845070421875 0.544454225 0.090962440625 0.555604459375 0.09624413125 0.5491490609375 0.0915492953125 0.5409330984375 0.097417840625 0.5338908453125 0.0927230046875 0.5315434265625 0.095070421875 0.5256748828125 0.0874413140625 0.5239143187499999 0.0845070421875 0.5315434265625 0.0792253515625 0.53213028125 0.0745305171875 0.5156983562499999 0.0498826296875 0.516872065625 0.044014084375 0.508656103125 0.0375586859375 0.5092429578125001 0.0404929578125 0.5145246484375 0.0140845078125 0.5174589203125 0.025821596875000002 0.520980046875 0.0211267609375 0.529196009375 0.0240610328125 0.5379988265625 0.019366196874999998 0.5379988265625 0.0187793421875 0.53036971875 0.013497653125 0.5274354453125001 0 0.5327171359375 0.0005868546875 0.5379988265625 0.01232394375 0.5438673703125 0.02053990625 0.541519953125 0.031103285937500003 0.549735915625 0.0651408453125 0.555604459375 0.08626760624999999 0.56734155 0.1109154921875 0.5708626765625 0.160798121875 0.5878814546875 0.19483568125 0.5644072765625 0.189553990625 0.5602992953125 0.1707746484375 0.5626467140625 0.16607981249999998 0.5767312203125
0 0.2904929578125 0.4969190140625 0.2934272296875 0.49046361562499996 0.28697183125 0.485181925 0.24354460156250002 0.4769659625 0.24002347343750002 0.48283450781250004 0.23415492968749999 0.478139671875 0.23591549218750002 0.48224765312500006 0.22828638437499998 0.4816607984375 0.22359155 0.4887030515625 0.21302816875000002 0.478139671875 0.20833333281250002 0.484008215625 0.20363849687500002 0.4769659625 0.1848591546875 0.47461854531250003 0.156690140625 0.47461854531250003 0.1531690140625 0.485181925 0.142605634375 0.485181925 0.1273474171875 0.48283450781250004 0.126173709375 0.47344483593750003 0.0956572765625 0.475792253125 0.0569248828125 0.467576290625 0 0.47051056406249997 0.0005868546875 0.492224178125 0.134389671875 0.5274354453125001 0.142605634375 0.5274354453125001 0.14612676093750002 0.5227406109375 0.14671361562500002 0.529196009375 0.15786385 0.5344777 0.21596244062499997 0.5479753515625 0.24589201875 0.5309565734375 0.25410798125 0.5145246484375 0.2681924875 0.5121772296875 0.2904929578125 0.4969190140625
0 0.30985915468749997 0.5620598593749999 0.3163145546875 0.5685152578125 0.33215962499999996 0.5691021125 0.3415492953125 0.5644072765625 0.335093896875 0.5520833328125 0.318661971875 0.5532570421874999 0.30985915468749997 0.5620598593749999
0 0.6913145546874999 0.3977406109375 0.6872065734375 0.3912852109375 0.6807511734375 0.391872065625 0.6860328640625 0.39832746406249997 0.6913145546874999 0.3977406109375
0 0.7746478875 0.3977406109375 0.7781690140624999 0.3953931921875 0.771713615625 0.3912852109375 0.7523474171875 0.391872065625 0.7746478875 0.3977406109375
0 0.882042253125 0.4229753515625 0.8638497656249999 0.4270833328125 0.910798121875 0.42943075156250005 0.882042253125 0.4229753515625
0 0.8174882625000001 0.4171068078125 0.853286384375 0.42004107968750004 0.8579812203125 0.41534624375 0.849178403125 0.4088908453125 0.8110328640625 0.408303990625 0.8174882625000001 0.4171068078125
0 0.7482394359375 0.40067488281249997 0.7300469484375001 0.4036091546875 0.7447183093749999 0.4241490609375 0.766431925 0.42943075156250005 0.7793427234375 0.42004107968750004 0.761150234375 0.412411971875 0.76232394375 0.4065434265625 0.7482394359375 0.40067488281249997
0 0.7329812203125 0.4933978875 0.7253521125 0.4939847421875 0.7359154921875 0.49867957812499997 0.7329812203125 0.4933978875
0 0.6437793421875 0.4652288734375 0.6349765265625 0.46581572812500005 0.6490610328125 0.47168427187499995 0.6437793421875 0.4652288734375
0 0.7646713609375 0.5286091546875 0.7464788734375001 0.5233274640625 0.7629107984375 0.5315434265625 0.7646713609375 0.5286091546875