0 0.48541666718750004 0.43125 0.4817708328125 0.42864583281249996 0.4453125 0.4234375 0.4036458328125 0.42864583281249996 0.37447916718749996 0.41614583281249995 0.36875 0.40833333281249995 0.36875 0.3927083328125 0.37552083281250004 0.3838541671875 0.4505208328125 0.3661458328125 0.46197916718750004 0.3546875 0.5515625 0.35989583281250004 0.56875 0.36875 0.5604166671875 0.384375 0.5734375 0.3869791671875 0.5828125 0.37447916718749996 0.5984375 0.3651041671875 0.6619791671875 0.3567708328125 0.7265625 0.3546875 0.7703125 0.3463541671875 0.771875 0.3416666671875 0.7473958328125 0.3234375 0.7119791671875 0.3140625 0.5796875 0.3098958328125 0.571875 0.2947916671875 0.5921875 0.2921875 0.5989583328125 0.2864583328125 0.5963541671875 0.28072916718749996 0.5869791671875 0.2765625 0.5510416671875 0.2864583328125 0.56875 0.3104166671875 0.5697916671875001 0.3177083328125 0.5640625 0.3223958328125 0.5234375 0.3338541671875 0.5005208328124999 0.3328125 0.4838541671875 0.3401041671875 0.4192708328125 0.3411458328125 0.3776041671875 0.3328125 0.3244791671875 0.3317708328125 0.31197916718749996 0.3244791671875 0.2734375 0.3265625 0.24635416718749997 0.3161458328125 0.23697916718749998 0.3015625 0.1953125 0.2942708328125 0.1171875 0.2994791671875 0 0.334375 0.0005208328124999999 0.3838541671875 0.0369791671875 0.3848958328125 0.11614583281249999 0.37447916718749996 0.1546875 0.3838541671875 0.1755208328125 0.3994791671875 0.2109375 0.4046875 0.2536458328125 0.4015625 0.2822916671875 0.3802083328125 0.278125 0.3729166671875 0.2838541671875 0.3703125 0.3140625 0.3723958328125 0.3526041671875 0.3609375 0.3692708328125 0.35989583281250004 0.375 0.3635416671875 0.3734375 0.3671875 0.3244791671875 0.3848958328125 0.3083333328125 0.4010416671875 0.3151041671875 0.40989583281249997 0.340625 0.42291666718750004 0.3416666671875 0.4291666671875 0.3333333328125 0.4427083328125 0.3369791671875 0.4557291671875 0.3557291671875 0.4640625 0.390625 0.46458333281249997 0.4348958328125 0.45885416718750005 0.4671875 0.44947916718750003 0.48229166718750005 0.440625 0.48541666718750004 0.43125
0 1 0.35 0.9515625 0.3546875 0.9078125 0.3682291671875 0.8911458328125 0.3796875 0.8307291671874999 0.3942708328125 0.7640625 0.3921875 0.7119791671875 0.3963541671875 0.6505208328125 0.3848958328125 0.6182291671875 0.3880208328125 0.59375 0.4 0.6166666671875001 0.42604166718750003 0.6145833328125 0.434375 0.6015625 0.4453125 0.5869791671875 0.4515625 0.5026041671875 0.45989583281249996 0.4828125 0.46510416718750003 0.46770833281249996 0.475 0.46770833281249996 0.48229166718750005 0.4828125 0.49114583281249996 0.5598958328125 0.49010416718750005 0.6317708328125 0.4973958328125 0.6651041671875 0.49322916718750004 0.7119791671875 0.47239583281249997 0.7276041671875 0.4734375 0.7244791671875 0.4796875 0.7005208328125 0.49322916718750004 0.6864583328125 0.5104166671875 0.6875 0.5260416671875 0.703125 0.5385416671875001 0.7041666671875 0.54375 0.6744791671875 0.5588541671875 0.6645833328124999 0.56875 0.6666666671875 0.59375 0.6635416671875001 0.6125 0.6682291671875 0.6171875 0.678125 0.6177083328124999 0.7390625 0.6119791671875 0.7744791671875 0.6005208328125 0.7822916671875 0.5927083328125 0.7822916671875 0.5864583328124999 0.7729166671875001 0.5697916671875001 0.7848958328125 0.5609375 0.8921875 0.5682291671875 0.9526041671875 0.5671875 0.9994791671875 0.5609375 1 0.396875 0.9885416671874999 0.3927083328125 0.984375 0.3802083328125 1 0.371875 1 0.35
0 0.5973958328125 0.5411458328125 0.5765625 0.5473958328124999 0.5645833328125 0.559375 0.5713541671875 0.5682291671875 0.596875 0.5708333328124999 0.6296875 0.5651041671875 0.6489583328124999 0.546875 0.6411458328124999 0.5411458328125 0.5973958328125 0.5411458328125
0 0.8557291671874999 0.3369791671875 0.846875 0.3416666671875 0.8567708328125001 0.3473958328125 0.8916666671875 0.35 0.8989583328125 0.3489583328125 0.8989583328125 0.3375 0.8901041671875 0.3338541671875 0.8557291671874999 0.3369791671875
0 0.7260416671875001 0.2916666671875 0.73125 0.2822916671875 0.7276041671875 0.2786458328125 0.7130208328125 0.2776041671875 0.7177083328125 0.3104166671875 0.7229166671875 0.3125 0.7578125 0.3078125 0.759375 0.303125 0.7286458328125 0.29739583281250004 0.7260416671875001 0.2916666671875
0 0.40625 0.49375 0.42083333281249996 0.49583333281249997 0.42395833281249995 0.4927083328125 0.41822916718750003 0.48802083281249997 0.4109375 0.48802083281249997 0.40625 0.49375
0 0.5078125 0.41510416718750004 0.515625 0.415625 0.53125 0.40416666718750005 0.5182291671875 0.4015625 0.503125 0.40833333281249995 0.5078125 0.41510416718750004
0 0.034375 0.40416666718750005 0.0411458328125 0.40989583281249997 0.053125 0.409375 0.0692708328125 0.4046875 0.07083333281250001 0.4 0.0546875 0.3984375 0.034375 0.40416666718750005
0 0.5697916671875001 0.4114583328125 0.5713541671875 0.4067708328125 0.5625 0.40729166718750004 0.5630208328124999 0.4109375 0.5697916671875001 0.4114583328125
0 0.5098958328125 0.3265625 0.521875 0.3270833328125 0.5270833328125 0.321875 0.5213541671875 0.3171875 0.5083333328124999 0.32083333281250004 0.5098958328125 0.3265625
0 0.8572916671874999 0.3760416671875 0.8494791671874999 0.3692708328125 0.8322916671874999 0.3708333328125 0.8369791671875 0.37552083281250004 0.8572916671874999 0.3760416671875
0 0.55625 0.3947916671875 0.5536458328125 0.39010416718749996 0.5479166671875 0.3916666671875 0.5494791671875 0.3953125 0.55625 0.3947916671875
0 0.5052083328125 0.3 0.4947916671875 0.29375 0.49114583281249996 0.2848958328125 0.46302083281249995 0.2838541671875 0.4453125 0.2765625 0.4375 0.290625 0.45208333281249996 0.30625 0.446875 0.3177083328125 0.46302083281249995 0.3213541671875 0.4661458328125 0.3307291671875 0.4760416671875 0.3322916671875 0.4927083328125 0.3229166671875 0.49010416718750005 0.3171875 0.5072916671875001 0.3135416671875 0.5052083328125 0.3
0 0.4302083328125 0.32083333281250004 0.4328125 0.31302083281250004 0.42083333281249996 0.3135416671875 0.4213541671875 0.3203125 0.4302083328125 0.32083333281250004