0 0.23625 0.45187499999999997 0.246875 0.43624999999999997 0.260625 0.44375 0.32437499999999997 0.45375 0.35812499999999997 0.43875000000000003 0.37374999999999997 0.449375 0.37124999999999997 0.464375 0.37687499999999996 0.4725 0.39437500000000003 0.475 0.440625 0.49749999999999994 0.47062499999999996 0.49625 0.49312500000000004 0.48875 0.51625 0.456875 0.51625 0.440625 0.509375 0.42874999999999996 0.47125000000000006 0.41312499999999996 0.47750000000000004 0.405625 0.473125 0.39625 0.44437499999999996 0.39249999999999996 0.42437500000000006 0.3975 0.41375 0.39187500000000003 0.39437500000000003 0.36375 0.368125 0.36875 0.35562499999999997 0.36625 0.34875 0.35812499999999997 0.35 0.338125 0.323125 0.31625000000000003 0.2975 0.333125 0.294375 0.3625 0.265625 0.355 0.21187499999999998 0.35625 0.190625 0.36 0.18062499999999998 0.36875 0.159375 0.36625 0.141875 0.37 0.12562500000000001 0.38 0.11750000000000001 0.388125 0.11499999999999999 0.399375 0.11750000000000001 0.40812499999999996 0.1325 0.42062499999999997 0.1125 0.436875 0.11750000000000001 0.448125 0.11499999999999999 0.471875 0.0775 0.479375 0.075 0.491875 0.08499999999999999 0.509375 0.104375 0.51625 0.13374999999999998 0.48687500000000006 0.13 0.476875 0.13374999999999998 0.46312499999999995 0.148125 0.45875000000000005 0.14875 0.471875 0.13874999999999998 0.48187499999999994 0.143125 0.49375 0.15812500000000002 0.49874999999999997 0.168125 0.48375 0.18937500000000002 0.48375 0.210625 0.50125 0.22562500000000002 0.5037499999999999 0.24562499999999998 0.53125 0.26625 0.531875 0.265 0.506875 0.24874999999999997 0.49437499999999995 0.24874999999999997 0.478125 0.23625 0.45187499999999997
0 0.030625000000000003 0.45125000000000004 0.025625 0.44125 0.015625 0.44125 0.0025 0.43187499999999995 0.021249999999999998 0.42062499999999997 0.03 0.406875 0.03 0.398125 0.021875 0.38875000000000004 0.000625 0.38375 0 0.47562499999999996 0.008125 0.48125 0.015625 0.48 0.025 0.499375 0.0325 0.501875 0.057499999999999996 0.48187499999999994 0.0625 0.47062499999999996 0.053125 0.4575 0.030625000000000003 0.45125000000000004
0 0.125 0.566875 0.1275 0.538125 0.105625 0.53 0.1 0.533125 0.099375 0.54125 0.08937500000000001 0.54125 0.079375 0.525 0.065625 0.5225 0.0375 0.555625 0.050624999999999996 0.56375 0.080625 0.56875 0.08375 0.576875 0.075 0.586875 0.07625 0.596875 0.1 0.6056250000000001 0.118125 0.6025 0.1375 0.5856250000000001 0.13625 0.576875 0.125 0.566875
0 0.32 0.665625 0.30062500000000003 0.6487499999999999 0.27937500000000004 0.645 0.268125 0.625 0.24625 0.624375 0.2625 0.600625 0.255625 0.58375 0.24312499999999998 0.58 0.236875 0.56875 0.215625 0.5599999999999999 0.184375 0.58 0.14625 0.590625 0.1375 0.608125 0.140625 0.61625 0.18812500000000001 0.62625 0.19624999999999998 0.6381249999999999 0.195 0.653125 0.20187499999999997 0.6575 0.216875 0.65625 0.22374999999999998 0.661875 0.23562500000000003 0.6975 0.244375 0.69875 0.248125 0.6925 0.27749999999999997 0.703125 0.289375 0.6912499999999999 0.306875 0.6875 0.31 0.6756249999999999 0.32 0.665625
0 0.051875000000000004 0.79 0.071875 0.7849999999999999 0.08249999999999999 0.7693749999999999 0.068125 0.76125 0.050624999999999996 0.76125 0.026875 0.77625 0.000625 0.7737499999999999 0.00125 0.806875 0.010624999999999999 0.795 0.030625000000000003 0.7825 0.040625 0.78125 0.051875000000000004 0.79
0 0.14125000000000001 0.7318749999999999 0.1525 0.718125 0.143125 0.71 0.103125 0.7150000000000001 0.07375000000000001 0.733125 0.080625 0.745 0.11125 0.7618750000000001 0.11000000000000001 0.771875 0.115625 0.7775000000000001 0.12625 0.780625 0.14375 0.7693749999999999 0.14250000000000002 0.759375 0.15 0.745625 0.14125000000000001 0.7318749999999999
0 0.940625 0.45 0.9268750000000001 0.45499999999999996 0.914375 0.4525 0.9112500000000001 0.440625 0.889375 0.42625 0.859375 0.4175 0.8456250000000001 0.42374999999999996 0.821875 0.4175 0.81125 0.42062499999999997 0.8175000000000001 0.428125 0.81125 0.44312500000000005 0.81125 0.45437500000000003 0.81875 0.46187500000000004 0.81375 0.479375 0.8168749999999999 0.4875 0.843125 0.51 0.8768750000000001 0.50875 0.8943749999999999 0.525 0.93875 0.545625 0.97625 0.514375 0.9712500000000001 0.478125 0.953125 0.45625 0.940625 0.45
0 0.76125 0.43562500000000004 0.7693749999999999 0.45 0.7775000000000001 0.45062499999999994 0.7925 0.438125 0.79125 0.42312500000000003 0.765625 0.4175 0.76125 0.43562500000000004
0 0.6481250000000001 0.40875000000000006 0.635625 0.40875000000000006 0.625625 0.425 0.600625 0.41875 0.5862499999999999 0.42437500000000006 0.5912499999999999 0.438125 0.6012500000000001 0.44437499999999996 0.6068749999999999 0.46125 0.654375 0.46125 0.705 0.471875 0.7112499999999999 0.464375 0.7075 0.445625 0.663125 0.42374999999999996 0.6481250000000001 0.40875000000000006
0 0.5650000000000001 0.38687499999999997 0.55375 0.40812499999999996 0.561875 0.41500000000000004 0.5775 0.414375 0.593125 0.41125 0.60625 0.396875 0.598125 0.38625 0.5650000000000001 0.38687499999999997
0 0.524375 0.44875 0.50125 0.471875 0.500625 0.48375 0.524375 0.475 0.525 0.48312499999999997 0.536875 0.4925 0.5475 0.491875 0.563125 0.48375 0.5662499999999999 0.47437500000000005 0.5431250000000001 0.44875 0.524375 0.44875
0 0.645625 0.5225 0.631875 0.5337500000000001 0.6168750000000001 0.5337500000000001 0.61 0.5431250000000001 0.6075 0.560625 0.6118750000000001 0.57375 0.64125 0.586875 0.659375 0.5775 0.665 0.569375 0.6637500000000001 0.540625 0.645625 0.5225
0 0.555625 0.60375 0.529375 0.60625 0.52125 0.6131249999999999 0.534375 0.6287499999999999 0.5650000000000001 0.628125 0.5700000000000001 0.624375 0.5599999999999999 0.615625 0.56125 0.608125 0.555625 0.60375
0 0.34125 0.49437499999999995 0.350625 0.50625 0.36625 0.506875 0.3825 0.49437499999999995 0.370625 0.47750000000000004 0.356875 0.47625 0.34125 0.49437499999999995
0 0.29125 0.281875 0.29125 0.26937500000000003 0.28312499999999996 0.26125 0.256875 0.26 0.22999999999999998 0.278125 0.21749999999999997 0.305625 0.22875 0.31437499999999996 0.22625 0.325625 0.23374999999999999 0.328125 0.263125 0.3225 0.2875 0.303125 0.29625 0.28312499999999996 0.29125 0.281875
0 0.41312499999999996 0.2575 0.40125 0.265625 0.39875 0.278125 0.405625 0.28625 0.42625 0.285625 0.4325 0.281875 0.43375 0.270625 0.425625 0.25875 0.41312499999999996 0.2575
0 0.41 0.348125 0.41312499999999996 0.355 0.42750000000000005 0.36062500000000003 0.44625000000000004 0.349375 0.436875 0.3275 0.428125 0.3275 0.41 0.348125
0 0.1125 0.284375 0.11125 0.29312499999999997 0.11687499999999999 0.3025 0.12875 0.305625 0.14125000000000001 0.284375 0.13187500000000002 0.27625 0.12437499999999999 0.27625 0.1125 0.284375
0 0.13 0.563125 0.12875 0.551875 0.14625 0.538125 0.14750000000000002 0.531875 0.145625 0.5287499999999999 0.141875 0.5349999999999999 0.129375 0.5349999999999999 0.105625 0.53 0.08687500000000001 0.5349999999999999 0.08625000000000001 0.530625 0.0925 0.528125 0.094375 0.51875 0.105625 0.5237499999999999 0.11000000000000001 0.5131249999999999 0.121875 0.5075000000000001 0.130625 0.49625 0.160625 0.5025000000000001 0.169375 0.48875 0.184375 0.485 0.20437500000000003 0.50125 0.224375 0.50625 0.238125 0.53 0.274375 0.54875 0.28125 0.541875 0.28125 0.529375 0.27375 0.5193749999999999 0.2725 0.505625 0.2575 0.49437499999999995 0.26 0.490625 0.24874999999999997 0.471875 0.24625 0.45562500000000006 0.260625 0.44625000000000004 0.29562499999999997 0.44749999999999995 0.33187500000000003 0.45875000000000005 0.344375 0.44375 0.35812499999999997 0.44125 0.3725 0.45187499999999997 0.3725 0.458125 0.35 0.47562499999999996 0.33999999999999997 0.49437499999999995 0.350625 0.5037499999999999 0.365625 0.5037499999999999 0.37875000000000003 0.490625 0.375 0.48312499999999997 0.385625 0.47874999999999995 0.441875 0.49874999999999997 0.489375 0.4925 0.503125 0.48375 0.52 0.46187500000000004 0.5237499999999999 0.44437499999999996 0.509375 0.42750000000000005 0.479375 0.41375 0.48 0.40437500000000004 0.471875 0.395 0.44437499999999996 0.39249999999999996 0.42312500000000003 0.39625 0.41375 0.390625 0.398125 0.36375 0.368125 0.3675 0.353125 0.36375 0.35 0.338125 0.323125 0.31625000000000003 0.2975 0.333125 0.294375 0.35875 0.268125 0.3525 0.196875 0.35750000000000004 0.175625 0.36875 0.159375 0.365 0.118125 0.37875000000000003 0.1125 0.393125 0.11374999999999999 0.40812499999999996 0.08687500000000001 0.41 0.075625 0.41624999999999995 0.08125 0.42437500000000006 0.05437499999999999 0.4525 0.040625 0.45125000000000004 0.017499999999999998 0.43562500000000004 0.0225 0.43187499999999995 0.01875 0.42437500000000006 0.026250000000000002 0.396875 0.021875 0.38875000000000004 0.003125 0.385 0 0.426875 0.0043749999999999995 0.42874999999999996 0.008125 0.42125 0.015 0.42437500000000006 0.013750000000000002 0.449375 0.02 0.46187500000000004 0.025625 0.45625 0.027500000000000004 0.46312499999999995 0.015625 0.46875 0.001875 0.465 0 0.471875 0.013125000000000001 0.47750000000000004 0.030625000000000003 0.5 0.06875 0.479375 0.07875 0.515625 0.065625 0.52125 0.061250000000000006 0.533125 0.048125 0.54125 0.041249999999999995 0.553125 0.050624999999999996 0.5625 0.079375 0.5675 0.08375 0.576875 0.075 0.586875 0.07875 0.599375 0.08562499999999999 0.605 0.1 0.6056250000000001 0.11187499999999999 0.60375 0.1375 0.5856250000000001 0.13999999999999999 0.576875 0.13 0.563125